40361  13547  -11027  -71263  78465  24547  4807  71490  79185  -84481  -66705  1457  92575  61216  -60814  44948  -51586  -50225  -32364  
-40856  86039  31397  -95289  -55812  -4966  -2095  -73550  82429  78152  59349  71752  59364  15138  -96162  58680  98392  -96600  51507  -5658  
23100  -90580  60225  71340  -48191  92366  -1972  -6576  75493  76300  30298  -77865  96022  36859  19231  92205  83477  -86210  31467  65728  
-11404  68038  -35554  45537  39123  64917  -12765  -89571  -66340  56261  71065  -71460  71076  -21955  -55044  59993  55868  23159  72600  54165  
13311  -89080  98608  -16623  -78681  -29532  -51913  -27771  -34189  27169  4887  -2226  32817  -8575  -26794  -97224  -60213  18762  60858  87214  
-83557  96582  16263  -27716  -31597  -62069  92082  20470  -11337  93447  -98547  31048  60791  -67680  -38719  -75328  15751  84742  96586  -17723  
66392  16060  -84636  -34475  17432  -83924  -88094  -20342  12522  48093  -39861  -2282  10529  -84183  74825  -43166  65296  -99613  -27199  82718  
69571  62979  -62627  70836  24763  71871  -78328  17663  -30095  14914  618  -37104  89049  -73177  5538  -78435  29365  33928  57051  50889  
66831  55822  -98807  44097  -95043  84097  57110  -54496  -5213  -89557  76230  -77714  -41360  88092  67959  -87338  86923  92483  44805  68656  
16018  -25264  -72077  32514  20323  47301  2950  -46621  -61120  -60320  -11041  21216  61949  80040  -53318  2479  -63967  -75605  -23200  -30051  
-27729  10411  66859  -73504  -29133  -64898  -21359  73812  -5250  58433  83125  10495  1788  26609  -1808  83022  -85519  -90526  95128  -30009  
12049  -47405  -32918  -25966  72548  371  -9081  56255  15947  -67874  56715  -69687  -19803  29483  -91807  -41236  -19740  10298  -75679  -52895  
20021  -74500  63095  -65828  808  19885  84911  -70944  -11939  82282  85319  51253  -55386  -66346  -48357  71789  77130  -35706  -56454  28770  
43561  89060  31968  -8744  59448  67332  -17197  -6341  16854  73398  -63946  11360  -79503  -70013  -18888  -8491  76759  -55337  84939  3332  
9754  57944  -91601  18289  -69290  -86046  -2203  87390  -98576  -46830  -63532  62075  65558  -10683  67696  89205  -10358  29085  -54879  -61773  
-529  86646  21378  -40238  68144  -37441  74172  89536  26967  -58583  -21322  45513  -28507  -36997  84745  -4594  97821  -83817  -31072  -77659  
27373  -56930  -58325  14757  -49040  -69699  -25684  -42445  52972  35563  52838  10529  -79829  -98681  -4160  -94996  -26952  50958  3165  35383  
39719  -87000  -68647  -55834  96757  36941  82907  -52852  77904  80074  29178  72757  52766  -36301  10888  32331  -23830  -60968  -58494  37822  
-71132  -51840  -86875  83336  73032  39236  58422  92165  81269  83604  40936  29122  12197  -48818  -47401  -64885  -32095  55814  -93312  2878  
-24134  -48987  -62800  16024  60274  92108  86379  91761  36228  13814  -95488  -50052  -94635  -41114  11492  -2428  21512  40982  -24207  -93578  
73133  64690  -81113  43851  49610  -13314  -78147  31819  2884  -28425  38256  47875  -64630  18810  20163  -86136  -45087  22290  -55277  31399  
45249  63922  91163  80224  -56829  64627  -69678  29067  -1867  70301  -23156  -38743  -12770  -6758  55388  -81423  -80884  -1537  -68737  13290  
-58488  98474  36117  -64144  10554  34371  43694  -674  -66033  21186  89222  47249  -64626  -30408  44220  -88609  39472  90463  55104  21759  
97995  43660  -90871  -83702  -9182  -10626  37029  4029  -8177  -70260  -83670  -95762  4841  50729  -66053  41646  48567  -72907  -13074  -1448  
66029  -34097  43843  -91507  34362  83054  87006  -31146  22987  -20878  18392  75406  -54310  -290  48858  -75786  67455  -59644  60788  -14635  
24727  -8689  41352  54962  -4870  -51607  -97718  -53144  88254  -79940  -32840  -94720  59910  -7150  56686  -34141  -84428  -41195  -81075  -92191  
-86286  -77615  61347  -88313  -61021  -30391  15338  -53640  91223  99029  -41543  -11215  26794  30363  36287  -11089  -82011  93275  -13810  -31703  
55030  -7343  -69161  14350  -89227  37432  -63968  -63285  25763  45756  64631  -59935  -90113  -99462  26447  66008  692  -8675  -17370  14580  
46209  -51704  -4791  24194  69619  -69808  -86906  29062  23184  -46932  -18271  76892  44349  38097  79982  3215  92780  30899  -9090  55221  
60380  -70853  59378  -40930  48729  84956  -12027  5322  -33522  -2318  58884  -85926  46151  59437  34137  58872  65390  60628  -32626  -82059  
-78232  -39727  -9444  -39827  -53578  64047  -74536  -49163  -90451  86663  22259  69706  -43066  -60273  83578  85330  -4845  22710  22128  16524  
86860  1018  95939  10124  -25698  -66752  -37336  79279  32398  -17157  18829  -78557  39135  -72163  -572  -19575  36324  35756  25368  99362  
-90414  -43938  -23360  31115  -66703  90520  54603  44749  12708  12241  -88055  75224  5879  -34101  -17547  69378  -81675  -49191  -36373  10607  
-84868  -94833  -97145  61628  -70138  -16135  -90753  58525  60722  -51877  46955  -53159  -28087  87616  12239  80208  -54065  93596  -38528  -77903  
61052  -36961  88130  10057  76581  77316  -63819  53853  53642  -94286  -68301  53120  -84271  -35939  -43283  14759  -20651  13090  -95309  62689  
-51378  93336  23393  27617  -22152  71990  65467  -55503  -78964  -29827  -17020  -49002  16651  39880  -51393  39871  79204  -11743  -26392  87028  
95803  60744  -19493  -67989  41941  -70866  -78013  -53420  89850  -65267  -56777  28010  45612  -20621  61627  -55664  -94820  -65258  -18648  27747  
-95810  -46588  99374  -45924  60393  72934  -57603  2469  -32739  85876  7067  55742  -11043  17655  56187  39065  50834  61956  35657  80906  
76521  46738  28143  -37842  -24143  -82784  96638  13966  -90960  -44001  -61353  -97182  46668  -97375  41179  29126  -9076  28212  -523  -70728  
-31546  79376  -46981  29390  -40438  -21624  -9318  15870  379  -38670  -97450  -3374  -88751  -70770  -20403  61187  -97449  42536  13113  -60463  
9035  23631  78605  50657  -23656  -90799  30768  -86261  -97821  58319  60058  42776  -87851  61126  24870  -57805  -13191  -29534  -4753  44792  
20094  73527  17868  -86092  -80345  -29515  7933  -4917  20081  -77673  -16177  54863  23229  66686  64866  -17433  46794  -75662  63044  -55516  
-56553  1006  19810  -28962  1974  91812  -45233  -27285  39407  66751  -65876  9483  -54435  87991  -19157  -48286  60309  -78444  -86186  -43752  
-13531  16095  -67765  29979  92982  -24679  -97459  -86750  -92379  71009  53393  20215  21706  -65169  -9052  69014  -76154  11912  99925  2008  
-97040  -88311  -61747  69391  -62679  -84661  21003  -33874  49774  -42118  -75688  54048  7958  -91406  -93940  12678  26211  -98831  87070  -18779  
-65296  -4311  49265  -73673  -39448  94765  24392  45367  -44359  -53851  -24263  25647  -62723  -30556  -80576  -35061  -77901  75571  -97358  45666  
12051  -86907  85162  62169  73877  -43043  15982  -8764  -84298  42221  94024  89223  -23105  -20495  -64911  -62653  -53222  -71893  9958  -12402  
-4523  -47890  22488  -57206  16613  85116  43992  -84743  79641  74536  -22662  17788  86598  -86298  97850  -13255  73752  57632  -36979  -32566  
-12398  75953  28381  85726  -20310  32197  -21363  281  -10193  32359  -84078  -81583  47882  7177  -33613  42236  -22806  -65434  51358  30260  
50420  -69550  -83462  47409  -90383  -75231  -47044  89799  -14265  -62642  -90936  -39375  31388  38021  -63770  98889  81025  -85040  -78385  -39738  
-64563  86990  -55465  71768  24195  -62390  -35965  4747  20381  -37264  16537  37825  34613  9320  -59711  -65295  -53432  -68010  -3504  -89146  
78009  90536  13111  -98866  64937  31357  16898  -92484  -79634  40714  -69899  -53478  -80161  55431  -51942  -52777  -15291  34785  50499  -18445  
83842  -68286  -88310  71162  47334  90943  33781  -72836  86217  -88372  66097  9751  49714  -3330  -69082  -90282  65984  -27863  -36824  -21325  
60412  -26825  -85231  -10544  -55117  41572  91426  18709  -60094  -60934  66437  -5180  -55453  -90668  1641  93932  84294  -20222  17654  99025  
-7973  -93495  65617  -51470  -97975  -31855  63774  74438  -30838  -21008  -98520  27610  57442  -34360  -7006  -43427  -60238  -94550  -61580  27331  
47161  76353  -94425  -41554  -58907  5615  -16756  80387  930  4111  -48954  96085  73363  -17516  -85102  -3445  -46983  84180  83413  3417  
92101  -10146  -63026  23418  67709  79328  33175  -3388  -36190  52925  15370  55741  72170  1883  19327  53078  -91036  86375  7784  -33679  
-78810  -15742  -1479  68363  -26084  -75664  71171  -17601  55662  -97228  38480  -54118  -18602  -669  -78084  83558  99089  31804  -51895  56210  
60560  -19220  -42790  94439  -46322  29294  49476  93988  92232  -18535  -15797  25971  -7166  4312  3685  39084  -23346  -23951  92905  92239  
3074  55816  -63051  -61197  21769  69901  -91762  85002  93854  17985  -40736  538  65748  4516  27396  -84350  81090  57775  19237  -21620  
44313  27788  -11855  -84906  87494  37272  -97769  38028  4525  -35800  61784  84066  63741  -27989  -6162  -2516  -82341  -85755  48504  -89608  
-81348  2703  51103  78610  35224  16724  -52718  -48163  -27486  -31290  68120  92842  82946  -11772  -56454  -121  55714  34114  -80866  4371  
-58089  23322  -28445  90714  -30865  80991  -31064  -51378  -50103  58191  -92465  -80449  86437  56390  -10032  -2498  71487  58038  84820  -21459  
-1419  55976  -84687  -20372  -31990  17135  52972  47330  -35401  -56303  -12481  39201  -34968  -40850  -58225  78292  -16083  19482  -94881  -267  
-64155  37984  -3601  35480  18113  -80781  83014  50694  65397  -35652  89161  10201  -79085  -90794  71596  -9347  9696  -93848  -62216  64046  
18855  -42345  97686  -4017  81615  -2647  -44  2095  56833  64475  -77431  50379  -97545  90656  -10863  20742  -3616  10722  -14496  88266  
-18155  -70260  98173  73246  96041  -5665  26512  34885  -75457  37537  99006  -3966  -77114  -84163  -16138  -68084  78848  -68766  -93977  -73000  
89828  -63055  -30698  13839  -11137  89077  -12373  -68467  56221  46373  11056  86808  -6883  -78538  28990  -888  -85103  1188  -11992  -93947  
-39357  55254  -38359  -86994  -44000  -30822  -45291  74187  -85627  -11973  -61785  58182  -6123  95042  -21333  -38236  -97586  6628  67849  25233  
28834  20978  85649  98723  -14910  11710  -26145  -88367  40239  -49867  -80513  99442  40346  44012  46880  25499  78935  -50383  59460  -95076  
-53847  76205  56753  -33666  87913  -17404  70120  -52648  -3857  -87619  30955  6334  -96178  -64005  17953  -79889  81190  -50383  18289  14418  
86842  -57152  71542  66374  -66702  74467  11652  -59872  80968  35429  -55245  -99649  97757  91236  -43768  45927  -18202  -59522  56204  64272  
-98027  -97325  -58948  -49293  31416  14552  25677  24226  -14790  87040  46386  45096  -55010  71992  78180  27853  -13558  9487  -25971  -87942  
-23858  97896  -1969  55578  -77546  -16038  29464  75515  -51629  -80980  -97938  25010  -42193  -72468  43386  -20642  -67528  24356  87385  -17444  
8482  51322  53568  -86209  89401  1312  58692  72912  31369  -81097  91797  -7733  49087  17539  71405  97366  -43343  7199  -83130  8931  
-84536  20126  15510  -60923  18044  -37187  23292  95693  97013  220  -82111  42869  -53421  -17792  74670  -52755  -30765  -83448  51599  -75448  
-30308  -54835  73800  61867  -66280  65252  27929  12232  -30418  -16106  -97070  -6210  -25011  -90445  -4006  67887  92780  20054  -80084  63273  
6942  -29211  -33233  89434  -22164  -77627  -12451  -914  -10146  -94914  -89548  -14255  -1264  -12779  7147  -24883  -27456  -37637  17184  -98258  
89809  -71407  -5404  -48427  -30691  53281  29936  -70309  43858  -42329  58545  -45292  1396  -13932  -20534  51346  26114  90305  -40310  -93875  
18636  -86503  -76807  59371  -76772  -56247  -26871  -90508  -7156  -76718  58468  44857  53227  -47416  3475  -50545  -90809  -91523  33960  -35569  
-49694  85136  42171  42772  -31314  -68935  -83115  36299  -26263  -76527  5300  -39740  87239  -42758  23067  -60543  15791  88248  -27145  -41942  
50247  22848  -90383  -37474  10834  -1539  46584  -99329  79678  49651  -90456  84898  -98962  73388  8404  -32477  -54262  19629  -75536  86947  
57645  -80978  53814  57002  -44841  -33590  -39772  45700  840  74101  44667  -51310  -91940  -91488  -93825  -79577  3718  74039  -79310  48427  
12443  91366  -96176  45179  78779  -60889  -9141  85851  82988  -41263  -40320  45097  31849  -18192  41790  86641  -76387  -69797  1685  29094  
76647  4331  14834  -74237  -66116  13918  95449  -25582  -65052  -66414  -27805  -74104  -76464  76071  -43948  -15382  41292  -45972  -9400  23723  
59122  -5919  85972  43506  -40230  -99276  -36600  -69012  19193  -36677  -24854  48334  -52026  -54889  -22929  27250  -62719  -41137  13985  63384  
69291  77331  -6039  8739  25378  85901  -90453  5170  46728  -99391  9567  82611  -29183  -14001  -26854  -34533  91236  -62167  62952  80173  
39640  -2467  50250  87635  -15956  -90017  55057  12517  -50013  35361  14859  -27049  36610  39185  -75193  -86222  60196  85188  -73139  -15388  
-76769  -6674  89943  -68055  22432  -62223  18394  86722  34960  16392  21845  -35200  -10760  -35000  -45115  -73906  -12016  -13440  -11410  65153  
-90927  -19614  -98542  -99552  32237  -89231  -79674  25031  -27071  37436  73149  -60955  -7051  28701  49562  -35821  -88871  57797  7406  -5320  
94218  -70050  -33168  -97730  70501  14678  -1598  33523  -11149  -63620  -40527  -29038  -43976  -65160  -42549  -10916  61508  36498  43104  -35289  
-76180  54475  -15546  47169  -69078  -19774  63973  29595  -77927  20392  -44871  -54649  -38410  8464  21175  -33132  -70863  39359  -77549  -40265  
19283  -85222  23909  -28870  -18172  37429  65669  -37618  37802  -13660  24549  46462  56471  -83136  -99926  41555  -54341  -32688  92627  70805  
-47986  -27319  -73350  -95100  -25092  22330  -35216  88089  81915  -7380  96326  40795  -46114  43373  -40261  46631  84691  -1839  -577  -72242  
-59543  -20949  6910  98246  -59970  -63415  -54861  23405  55929  -37915  -84589  76621  -70728  -77025  90038  -18131  34157  -96487  79738  -71231  
-89021  95900  -80692  58672  60529  -83195  -48220  35237  -33079  -47936  10910  25516  36866  -92156  -38432  76478  22662  74917  87589  -64492  
72287  -37799  -22345  -76275  72151  9534  -68056  21035  -34692  -8982  -86151  -25099  -80933  -66678  -94692  59448  -72345  -9587  80749  18646  
81783  43171  -50847  -14158  -80738  -10384  -60909  -66923  4313  23779  25296  -93966  -31685  45909  -93563  -74421  36426  -95138  94823  -55895  
34565  -28202  62185  94079  -82988  16582  17567  -41637  -58627  20033  55561  90554  22040  -8848  6373  -40655  -39016  11544  -91692  -91445  
-70508  -19321  -14398  2262  -92  -46367  59439  29424  -25778  99956  -18001  66381  -88313  -42776  -44700  92533  26183  95303  72743  -8760  
68510  5664  -37592  24115  -37659  96567  -12127  -82621  -46265  59847  -44495  -84155  -97611  -20466  -61118  -79817  -17119  32424  -20396  -66982  
-76667  81830  66134  15787  -48344  -80395  -44498  -93042  -25170  -30299  37858  97596  88171  85492  -78532  91628  -19944  -3209  89487  8105  
49469  79095  -44645  70143  -42746  -32479  -4675  -47879  -7579  18739  34344  -92197  -56700  -98920  -72738  -13198  48108  -79451  -50613  -42407  
-17802  82251  -5612  -62259  -83480  62480  99417  56861  52210  14230  81233  83737  -84517  46819  -44379  -44174  -39683  -62346  67505  83980  
-60450  34173  -30866  11712  -19435  64637  29384  99373  -90187  -65194  -20891  56775  -95406  -99436  -67080  -92255  86437  36196  63833  -80243  
63492  63695  12108  -86965  91501  -74324  -22447  54289  -95576  -78446  -22456  18581  29245  13442  8842  26549  55752  -34253  -91266  -30401  
89046  -99996  82040  -9638  -75802  -63732  -63450  -36510  -2340  -31978  93359  -94833  -26951  58768  -75237  44634  -93889  -98823  -4298  -20973  
-96161  27783  76671  6261  -93654  29820  -4387  44865  -7618  -62355  -32818  83625  -73750  84140  16385  -15418  -71848  -62156  -38794  73289  
-61375  71610  -92680  -68280  4133  16708  -61476  -77145  -78593  -10340  -21981  -5677  51509  68480  11714  17447  -38228  -45255  -99  -31679  
57503  -31344  70695  36627  14607  38219  -88423  4924  65462  -36204  82659  38670  -66956  7748  -62577  -44237  20638  71391  -46336  -39327  
93704  5424  82446  7612  -77824  75625  -11470  71544  70546  46756  66314  92691  -50363  84446  68718  -96910  92148  -99080  -46481  57876  
17885  47710  -53303  -12493  -14888  -27295  -27767  11140  87710  -41822  44572  44061  52695  -61980  -16121  -75710  -84020  49419  -6615  -95739  
-27927  69510  5747  20685  -14859  -40605  75580  54731  97912  12619  -79588  -67683  47483  -89221  13590  62710  -37306  20921  82288  -4  
-45726  14745  26664  -90269  -45136  93429  -6638  79737  88803  2879  96968  -69869  -2855  19372  7666  -76670  -99989  -83412  11076  -48561  
58176  94464  -73220  -65239  -71878  17421  -99022  20805  7985  15524  37383  77358  -68905  74361  -20032  -89391  55060  73592  -85017  19112  
-55569  82351  -93073  44307  43832  96242  96553  30960  -5926  11800  -77427  3443  83115  55777  41740  -31080  17678  65749  49173  70138  
-882  -24795  -39402  -26557  98984  94940  -4403  2572  25173  -46996  37607  -50388  69343  47723  -18135  19262  -17610  -74146  18154  -65210  
-27412  -1578  51375  31340  30887  -33025  40986  64201  -17225  -9290  99057  52456  94609  52741  -77900  63209  -3396  52347  -70002  2726  
24608  -93699  42186  16404  95857  82814  95046  88189  -27810  75505  -20371  -78004  -98123  41915  9239  -51881  80838  37388  97681  -4879  
58837  33670  62279  -62637  43561  -88039  -24016  17178  42572  70222  71643  -72237  26306  -65953  -76935  55353  -58804  -96530  -96874  -32952  
79350  -1092  35671  79014  99279  30949  85772  29810  -14714  -94750  -93944  78059  54344  35686  -10888  60398  8675  -95817  -81397  25939  
62475  99436  8252  37318  -7574  88698  -81937  -3300  88859  22990  6667  96179  90214  89335  75811  -85792  -84647  88572  74069  -38896  
-94883  -13411  -96634  -90313  -26754  18734  -32453  94000  -77052  -59127  68862  98924  78727  13016  -7674  16221  -7807  -17501  65831  -20974  
28069  -31140  24007  -30594  18310  -35250  68747  73601  -82043  94013  -40524  33432  22765  -10989  22709  31749  -9566  34370  -27458  -12259  
16230  95473  80096  -57879  27826  -49488  -1  1380  -81907  80486  81804  97133  47095  57081  -9795  -98003  -85549  -95345  -21930  -25186  
73220  -23714  -52975  -78820  12577  -98285  95254  41494  94797  77611  72977  -37374  91921  -69096  82624  27073  63649  -73499  -50201  108  
52017  -34428  -83700  12466  66647  -10721  -7737  22699  -96579  -48280  -31003  73046  -82080  -15815  84938  -56063  -38545  -88754  33970  82012  
-31759  -67371  10853  12228  74556  -66479  36628  -70041  97942  -78439  -86861  59991  -96649  -43993  -55936  -37377  -44308  41174  52527  -29229  
-58914  -2973  -44952  46983  -80450  26318  53333  58297  -84394  -50544  -40225  1673  -76579  -75415  -26838  -21981  37807  44802  -70609  -65326  
73803  -50713  98849  -17320  9490  -1248  51507  16642  10150  -25020  92648  -65870  -99359  -74922  5549  -3978  -65099  93252  -83005  -57167  
-47887  -6767  15217  -58019  42656  -82707  32659  89294  41912  92636  66015  -9232  69687  -56555  42782  62858  -11476  -45016  -97119  -86893  
95887  -58680  98329  398  -70585  16056  -59229  -29008  44023  -56747  74308  -80455  72108  770  62796  714  97017  93464  86197  11165  
-68912  25467  -93630  74040  13791  -92727  -2133  -28268  -19908  61061  1250  12020  35907  -98126  926  -84977  -65671  -9538  -97105  -82863  
94669  67930  3753  14478  79434  8798  -55893  99266  39882  -16480  42496  96592  93667  -39364  -59656  -52101  -3194  -3793  -23961  -20907  
67784  25727  15067  -72820  -69495  -32939  96195  66071  29023  -71751  78944  -36569  37534  80335  -61952  -12279  22110  -38770  -86101  62169  
-31528  -98537  5800  82988  -91469  -87283  -36545  -55659  -44465  19191  -41353  -23614  -65152  -93923  -28406  76614  79121  15292  -54662  -5055  
42565  23776  79752  33892  72166  2632  -48896  -76748  -51965  66253  -46924  -94369  56140  -33171  51008  -31632  43807  -19722  -69329  -60740  
-67223  74045  52324  -24390  37597  -34123  33908  75825  -97594  -11508  27383  84648  91277  13543  -30803  85671  32310  -46253  15090  -88881  
17371  92214  -755  -70764  -57140  11297  19798  66110  -21623  80305  -27175  -28699  95061  37450  18168  44003  -57204  13364  59074  -46068  
-68832  81141  -1025  -72325  -54679  73565  5343  -47116  -55703  61519  -86531  -73252  59192  15461  93691  31424  -16312  -24197  -95592  -44387  
18156  -97093  -51689  -66376  -22814  -3283  53107  -11541  -85772  7691  11500  -50291  44459  -76013  96132  -75181  6372  70631  -12515  16199  
67812  -98123  8177  -7966  -76282  26026  -63428  66409  -53704  67871  60793  38892  64963  -23752  44796  -47187  30836  -2203  -96607  84365  
-14370  23462  22007  3690  -84028  78845  75725  73261  67111  71649  -8476  -52788  -8960  54447  -45785  -15437  13060  28946  79085  35965  
84251  -51431  56310  -14242  56758  -50011  40204  -49270  -94349  64232  -2564  -77842  41359  -16522  -99469  -81938  90449  65197  -20995  -33171  
99003  9821  -61023  77929  -38414  -90026  -94502  49376  -97202  -96572  -38042  13082  -46481  976  82542  44893  -89358  75610  67456  -96249  
75666  -37596  -40499  -32217  1584  29974  -91435  25923  44951  -37786  30423  -91592  -69335  -89904  7321  -94637  -75420  -96400  -24999  -51256  
41664  -67428  30975  51188  62689  27203  9128  -7802  -83463  -78350  51836  5093  47937  49497  79929  94501  -30803  -48909  -16077  73209  
-99216  43949  -42761  -13745  10505  -6391  -42286  -56634  -79096  -11218  -55594  -95933  -67738  -85492  19340  86891  17601  -44240  -35032  -74836  
52285  61884  58596  43588  86735  -8316  38462  69879  -11213  23256  -49680  71632  32945  12132  -49481  18357  37841  -22351  -12387  -78031  
-83117  -7568  85523  32604  89592  60888  -95780  -2656  97815  -89695  -7955  -1994  20487  4253  -4412  -84335  -42259  -60764  -38356  -93682  
-68638  55582  80773  -37404  77653  32358  -80687  -64222  -19851  -6844  -11278  -38116  -48932  37100  -70224  17571  1684  -14994  -99389  -95791  
30326  -6382  7485  -96290  -13359  -5380  86696  72396  -11255  -82177  -88195  -88563  -84124  -15728  31429  -68709  53952  -80092  35469  -10083  
-58861  70142  -49021  -96279  -76389  -52703  -14110  -34019  97619  84242  49569  -21252  10733  7079  -26297  64303  17144  -59352  30060  -34081  
67581  -5762  -36805  25079  51816  2267  -39561  1813  -76466  -86361  45419  83533  5622  -55373  -25513  -63715  -88342  -14146  18779  -752  
99911  -90032  10037  99320  66458  25304  47782  12014  -26754  3130  80737  33015  -72134  -50874  -29679  -36224  95317  -72714  -99248  -72724  
-51182  -56826  -24079  -13591  -71799  -85952  64465  25568  -73167  -24969  77780  -26229  30531  35463  77328  88459  54359  -41460  -69647  -43721  
-26538  86737  63961  -71044  -6083  -17445  -73844  -27384  1921  -84417  -56001  -12485  -88043  -2983  6162  -60662  -66801  84513  1064  -34991  
28036  -73453  70305  -52833  -6113  -8624  23458  66708  -90253  -42629  26031  -67135  -26457  18689  7158  -47834  -37798  74142  -6225  -98464  
66413  37592  6010  57242  99102  81135  36819  -30761  -20322  57264  -48015  -50948  -92777  94837  64308  9088  8005  -63172  89381  -83491  
-47643  78374  3211  -29537  23186  83269  44383  -11766  46655  -4631  7600  44990  82119  73662  -26072  -19832  -55405  57612  -85545  -99526  
-46370  82484  83146  -17112  84821  41595  -26279  37174  -63314  -96998  20488  -29924  48378  36494  -60576  -48972  -64425  -30543  11058  -62880  
-2257  -85812  -93252  80900  -3947  -10556  -31041  68683  10078  -50538  28029  -95692  41797  19043  -1582  -97339  79691  -58843  -98024  43416  
21155  -60706  -75128  -53856  -9078  -15456  -24619  -67251  -80369  58429  -66477  90473  -566  -4120  85679  9168  -49935  31560  -43403  -36774  
85209  10611  -29162  -17946  96749  -6748  -28208  -40274  51573  -44867  -34262  82817  55266  -44220  50965  44367  42062  20810  21319  3718  
16577  -93435  -84720  -44935  -45277  -47663  58651  43237  57641  -78068  83529  31034  -32096  96443  63634  74050  -71194  -2564  -98043  -10749  
-40842  809  -36885  -61052  -35479  -19614  -82487  -4888  -10400  -15404  -53706  -17960  -23029  67227  18645  -37685  5294  11447  134  -35258  
-59377  84674  -11255  -27280  8846  3692  -27545  -40431  -25484  89961  9926  76389  88295  -86880  -66675  53225  70652  51477  -43650  -23976  
-32516  38671  32122  57207  95613  61720  -77958  86538  -51286  63239  28301  55783  -40886  -19643  73808  89316  -74363  89761  -41237  70305  
-83307  -7918  19883  67589  60288  22033  -98643  18832  28683  305  53931  -26625  -93024  42018  45771  516  -34119  44444  -6437  -58573  
-8235  76000  69365  22861  51343  69142  -7880  14905  86569  5923  24155  68885  -70347  -73829  22400  -79313  -81203  82863  -48468  48182  
-3453  73558  93858  -80176  31648  9985  -69265  -97896  16872  48670  -42923  -15394  -69825  -75764  57517  7925  7407  79883  -75492  24922  
69465  78134  98741  -66810  -61849  32564  -67025  -36061  -98809  50666  34499  41241  15151  27098  -23848  -17786  -80281  -35916  -23185  -57478  
-36541  -42002  -49928  2679  41949  -74  -38849  38088  65628  47907  18782  71471  67982  -66900  66019  57183  76823  -34723  -98310  39109  
-19184  75790  62050  -2422  -50712  -90944  59836  -62058  -75219  -28016  23681  -70544  41772  58009  -91725  80826  19828  -19804  -85296  12874  
-61550  -4785  -87351  -28354  40299  -29905  14760  -67904  74769  26866  -37764  -13875  -51009  -94254  -83958  42695  27422  -52160  67226  59730  
-64267  -54281  9814  70565  -40736  29191  98592  -48448  -63427  -30145  -57272  -19645  -28924  -57641  -34393  -55576  -38599  -533  14881  -26134  
-36759  -18071  84184  -229  -28154  -74131  85832  50450  -73777  -11492  77164  -3195  18879  -69031  -66020  -6363  10749  -97789  78373  -54680  
-92469  18136  79985  -57007  20506  52428  85920  7364  -34179  75365  -77506  -84726  91247  75676  38420  2186  70404  -977  -46384  -96120  
26419  27464  -42164  28597  -99152  17023  -38237  -92716  75092  75640  45857  27332  -94744  38408  -9637  95728  32897  40427  -24092  10909  
3112  82219  -3976  60879  -99071  -61498  -9392  -96587  58180  80321  82011  -76048  -2329  92922  -19034  73001  60503  -67038  4192  -70662  
-62614  10551  55428  10183  12347  77871  -43373  -35518  -85121  84271  -23388  29449  -60469  22245  59854  -23755  -24271  89023  -91154  -19414  
-69894  60914  -79736  28958  89243  78487  -72373  -75377  69292  -82293  -14863  -89756  45663  -87133  -83820  34268  7348  -50975  -81021  74577  
-28107  -9265  -87720  -24941  26981  -64245  -82574  90235  -94920  -37783  27247  -98733  35045  -21640  79815  -32030  97250  55670  81808  -69252  
-97622  74565  -78348  5190  -56554  12958  -61079  -3615  -74524  58110  98815  60355  -6298  96340  -42822  42855  10375  -81111  62088  -67732  
-93480  -94383  86144  82355  -26900  -13314  14706  61682  50298  -74649  24145  -53321  -76582  32696  35106  96305  8700  55988  -58144  92852  
80889  40405  -30109  98700  -74133  -87248  -57054  81953  85726  -28150  -5995  73714  -44037  -78066  3303  -329  67254  91041  60802  -47708  
-21939  65064  -1730  -46550  -44836  15060  -72121  -62080  36573  -93859  55481  96934  -98517  48472  -66888  1105  -22612  -3823  -86660  16860  
-99849  -8550  30599  -3199  -4618  -11666  -52915  74241  14203  -11549  -29357  -70983  -79625  -71870  -3136  -32945  -75269  -64910  70373  -34777  
-86242  -64135  -55059  -23806  -96958  -63349  -49672  -63147  -10324  95671  -731  -16242  -21721  13392  45857  -25954  81152  87673  48032  -43006  
61921  52082  -4777  37146  95515  -77385  35735  -98025  61189  7543  -70603  -52397  74342  60486  17100  -91447  -52764  26921  -38736  60166  
49382  61415  -44794  76801  -64258  -69496  12148  1336  -45200  26468  -64870  -21817  96808  -59139  -48785  -9006  -95868  60704  22212  34699  
-47443  -74715  -44842  19539  62740  30327  8812  -35646  78497  -77929  -88051  88271  -23993  -82109  -60010  -42293  95229  -82021  86918  83599  
55367  67713  72595  -62299  87395  9759  -27572  -10587  -35321  -71066  -22149  18146  -79273  -54410  33314  14303  -43389  72324  72825  -88070  
28108  41510  10638  -15378  30504  -37901  -81832  -38978  -53113  -93983  -78021  -21265  -59936  -16544  -27650  -76435  -66622  60106  64077  -74382  
-66556  -6166  48829  39206  34148  -48855  6151  -17523  -6958  22175  34741  71414  28071  26870  -91135  57496  -50052  -87626  -62248  14114  
95707  23177  16548  -21384  11071  -73441  -45040  -27991  -22517  -38680  61970  -36820  81996  67923  66833  -28217  -41650  -86064  31167  68825  
1797  -44186  -35414  -23129  -19263  55908  -41927  -88362  -34705  84048  59827  -98883  -56071  84439  -26172  63653  -77028  -33508  28023  -5646  
94557  -21362  -71216  -6201  -7275  -33958  69605  -4528  3597  62520  -35056  -91309  70370  59502  -85268  70267  -71662  -68320  -32379  -74310  
-86398  15467  -94385  36477  -46906  33643  -95547  23181  -39422  700  -14856  -31413  25841  -14457  -45614  67087  9554  -45682  82542  17218  
89674  37208  33921  -30675  -84740  91924  72176  15084  38433  -71035  -66942  36587  32644  19940  90582  -60986  -75950  -82025  37570  -69384  
-36182  -96330  21986  -21056  14034  -85537  -11700  -71322  -59108  -92052  26477  85939  -54392  -33710  81181  50014  -76082  70100  10683  -72914  
-75155  65420  -53059  -80924  82577  -72800  26452  -80638  38564  5471  67492  87485  -68945  40619  7486  89163  -73833  40064  -98126  17142  
40497  -73602  -54323  -724  37727  -50438  21420  -18459  -96105  -62706  -79688  4543  -79354  34434  57770  91251  51593  -24097  81363  -21136  
88588  -93858  -68481  71360  -52354  33698  -32360  -59162  90978  -56561  -25773  35196  29937  -3360  -54120  -13379  -98080  -19105  87989  43359  
44458  -61140  65507  78665  20192  42116  3302  -79641  98525  -12012  -742  -39567  73069  80486  84033  -20631  -50155  -66758  -52387  10179  
30171  -39092  -7321  -70799  44089  70046  26634  58901  65494  -15097  -38474  16062  -20927  -35369  23272  3812  -58438  98703  -3641  25276  
89062  -97056  12430  86284  44787  -52522  -78140  64089  17078  52834  51637  -38753  -57442  66089  -56448  94261  81394  -74706  -36899  -81732  
26956  46262  53884  -21748  -1367  46936  -47918  -4102  21409  24895  -51826  -84487  28923  10067  98739  58486  37616  75086  -38658  54656  
33623  -34691  -2114  60630  15278  28889  -65237  70724  21318  61234  -84105  4979  -7085  84731  91343  -46186  -61840  -8957  90365  -27967  
-9196  -70437  39433  -94875  22083  -44458  36899  95128  51788  41026  -42388  54983  13825  78109  -11131  -31765  98619  30714  -13559  -73744  
-12479  -67762  21872  9253  -89322  -42262  31414  -80302  -90082  67999  59626  52215  96345  42734  67660  -90582  -50487  -98320  -51779  -50614  
-38015  7867  -84706  -90321  -95893  -78583  -34844  61384  99332  -58497  55824  -43588  -5738  31334  76937  38181  63303  -74755  90325  94085  
-4933  24022  34826  -8881  -52694  -4451  -74161  -81490  -23988  -87194  74924  -29870  -2377  -75613  29593  -38065  -26875  -25431  26996  -33112  
28549  -34471  -12254  -62761  53598  42768  45393  -76913  -88296  43155  -44885  -45930  36384  89568  83631  59770  76691  63901  -15316  89069  
93933  -60645  54537  -37097  -34793  -23892  48916  -12987  -2991  83123  21961  -40209  -55819  -57034  -54602  42016  -43358  43356  25700  85232  
-82394  33017  -50561  45163  95494  67263  -1053  -54613  -6801  -63375  35841  40856  -47313  -10944  75986  -9551  -12865  13140  67252  14076  
-47930  -8803  21240  18583  78575  -14087  29306  -55408  36465  9711  38892  -86303  -59273  53650  37715  81277  42124  -5750  39731  -69001  
-83718  -35934  -961  -83360  -49535  -55975  3969  -15077  -47896  11251  -25281  86028  77445  -40746  35441  -53537  -93266  22637  84589  -13901  
-92170  19504  -29849  8238  61930  70215  -21421  73526  5653  76598  9884  20382  -4021  3189  72661  52260  64771  -32852  -21878  -15763  
-59732  -43478  63635  -20024  -87778  95344  47009  77068  -53237  -1843  -61767  8041  -30926  87157  -99811  -29707  99174  24746  -29879  32466  
55675  10468  47609  -20658  -54432  -28488  -75496  -9587  -54869  33080  63690  36930  89812  83436  -73451  24084  39412  43913  31730  65387  
-31880  -12563  -49967  -24065  -30544  -13286  36247  81500  22032  68415  -44467  79699  -10235  -30564  -52839  33683  22071  -88945  80622  46543  
-51831  -41155  -67400  86231  -6091  46312  -39882  -72712  -83732  -95085  -43092  85583  -12210  71422  68249  -78310  -19517  -33592  55777  -35369  
29834  -42634  -78160  -48149  -27602  -46811  -81998  9898  99005  7813  -82764  -92974  1969  -38860  -1088  69142  79124  -23731  -88849  -76671  
49861  -95654  41327  90181  91994  28377  -68374  -77365  21182  83153  -89523  -60885  19604  87314  -45907  41722  85209  -3368  -42486  -91595  
40174  80505  18501  14251  60464  20839  37382  -9544  -87427  -91716  -37464  -84422  -74673  79400  85659  -16408  9946  39689  18897  -5123  
-78025  -46774  -36791  57972  10434  -18560  26340  57152  50280  -63516  58879  -7667  1399  -28480  81019  17987  89187  46234  -21324  5275  
-33328  -63927  14832  39444  33065  29356  31647  -35582  -31964  42146  -2297  57357  -12134  -48690  99386  26753  24909  -8116  23211  57055  
-40570  59772  2720  9919  72178  42334  49144  13356  44021  69507  63746  88340  -94468  -54066  42288  43176  31338  71766  -61183  92293  
36492  91263  -4495  -75083  -91042  30630  -48011  24380  45737  -8639  -99775  35525  36636  84840  -67002  -34139  87111  -29277  -73839  10074  
-74710  84038  8919  35863  84481  18105  -53604  -10062  59563  -23130  -63191  80970  40561  78363  79630  -8741  64710  69630  42091  58665  
14848  -15672  72008  61237  22179  -5676  -51685  -50827  70524  33651  -80239  -32850  84271  -7124  -31827  -48181  -2942  8874  -2205  -19885  
-96359  98263  -75916  -52725  72012  3809  -3876  -27853  9758  22518  -74495  -77698  24533  93889  -98491  -75779  95093  -50469  59953  -82883  
92684  54654  -36756  -68121  4300  62444  -71975  -42226  -31318  32062  -65353  31935  -97291  30010  95263  -38579  9434  -26731  10  -9604  
18494  98169  13489  -43226  -14658  -7858  96669  61470  -11468  -65990  23536  96432  96363  -84710  -31113  55093  -5448  56273  -92832  63637  
17105  -29645  71128  55768  -53071  -54777  -25785  -32752  -19312  -81502  57243  -95149  -1992  26484  -55297  99409  -62133  87263  -48648  35668  
-3183  15010  7418  4175  8172  27030  62420  75319  41110  -12902  69607  -78356  1373  -6932  632  54250  62383  74315  -53504  -7854  
-43586  -11705  -19898  47516  -78790  70587  -82167  93486  -26255  36454  43257  23703  -54528  -34923  55378  -31973  -88619  -25781  1999  -8877  
6631  99911  55588  -96931  9727  17632  16675  -78351  -79474  75262  39488  -83374  -69218  21054  -28163  55049  -66281  84252  -71508  -53825  
-44350  38958  2401  -50720  -38007  66393  -12952  6046  2731  -32187  71628  -76432  -43516  67349  -51324  62306  -38195  -99050  -76535  -29529  
-30641  68439  42945  -47542  -64544  96567  87084  -19852  71635  -54155  -79297  63891  25498  33767  57311  28323  -58480  44434  18405  -81033  
-92802  -2906  -24171  -22059  12310  6367  67344  96853  97844  68797  -37787  -45757  -39939  -60281  74428  -8982  -63672  43873  47518  -27903  
-19957  -79433  85671  -43155  56217  49739  2930  66725  23864  99588  -65402  88674  41573  39188  -84384  6193  -53446  -30120  -71603  -59513  
-66871  68917  -81655  -3370  74575  63109  -20124  50406  -96789  89539  46115  93302  79213  51504  69684  82626  13093  89657  -53446  -96294  
22796  -77414  -24094  -27848  5862  -45216  -79442  -37359  -88234  -64829  7111  -16077  -5792  -71761  75110  -11850  8681  -52212  -88327  34752  
-99924  64451  78502  -63368  6527  47391  -40099  31893  -7726  6363  55578  -40332  -31089  58261  -28064  30007  26606  -45362  -74789  15776  
-88556  2466  -24724  69504  -53383  -88029  67099  -7456  32380  19687  -48901  32392  -50371  46029  -38266  -50648  -41155  63855  37214  50723  
54889  -36615  60929  86057  86170  61149  -32918  -1926  97748  98579  -63120  6709  21790  -57286  83278  12990  17088  -56649  74049  23047  
87469  -50141  -30298  57098  -57900  -84855  -58781  -36531  48831  62985  32456  -144  50861  19690  -62744  -27112  17533  -76286  37454  12308  
-22395  94948  59472  36658  -72422  -63571  -89482  -24696  -45453  -82710  -78584  -13092  -19773  -60718  -77856  -26238  98257  18574  -33  16022  
20902  98320  62987  5580  16602  93405  -54903  -47123  89963  77827  -3651  -98302  -72266  -17815  99710  93918  24457  -19278  56373  58664  
13751  62868  31809  -24844  42860  -4961  62451  31073  -99577  70096  9223  -64705  84035  43767  -80418  56865  27041  28651  -69975  -28649  
-66734  -78627  14673  -90995  -9545  92139  -58559  -49836  -1054  16251  78028  98087  -70877  -60722  -21435  82440  -50456  85554  16660  -54661  
81445  -97451  -88975  71658  32683  54757  -85463  13108  -1787  -8651  47069  84518  29270  -6379  13949  -8168  -6620  33107  56498  -82447  
4158  -42437  67078  -4274  -15329  -14053  -4953  -7537  -94483  39041  -11345  71990  60424  86577  -71166  52634  91693  66038  79060  -26148  
39829  -17662  -72067  79319  -31715  83634  35631  77289  3835  34025  61947  63650  -30881  -36840  -71699  8795  87878  -13878  69800  7924  
16057  58567  8713  75905  -9665  -10629  11183  -96061  10741  -30199  -61815  87414  -40215  46941  48028  -5568  -86150  -7103  -18896  14675  
-74371  -51237  -90617  64406  11090  -92806  35811  -13561  -7041  -66959  -54092  34669  -30054  32772  26262  -15907  -5580  -9559  65110  92851  
60838  98777  82851  60972  68588  99261  -3625  34553  -26114  -10378  -2146  2609  39901  63306  -70923  -72217  -77257  62703  82307  62598  
-59857  -37140  -26841  43775  706  68532  -85350  -37987  -38809  -92130  -8638  14193  62708  -19614  -20500  -65580  195  -17738  75155  97346  
-46639  -41219  -20097  54116  -95362  18638  -33623  -20764  -22532  90244  -67778  49421  24669  45831  -17329  -58462  72553  53880  -74113  54870  
-21531  -94376  -94651  -11450  3791  75674  -26803  -51064  23643  75982  -34862  -92728  -40695  -10625  -44599  32924  -57890  14270  41335  -23564  
-60986  -97483  15638  -49271  -47245  75782  -61490  85996  43989  63725  -77976  -37660  -11789  51403  -98961  -78058  58782  60080  -92528  -22940  
29950  -58004  -23961  -35548  -83954  -12335  -48947  -85750  -23801  -3586  -15373  15410  77608  -6564  303  -60562  47683  21066  50696  -5619  
-73426  21775  40489  99523  3017  53224  46024  23500  -36006  -2448  -16467  -10205  80759  85810  35802  -17926  34791  -47748  64842  -18827  
-90426  1322  -46288  -39767  25805  97154  -78106  36971  88358  -4678  -43743  -343  -71919  -92456  -56276  99945  -87188  -49219  -37706  65616  
23412  -80666  -23408  -66333  94402  -61621  41169  -26544  -13612  34912  40579  81119  94259  9242  60350  25815  -75444  -56067  -45753  -77293  
-43184  51280  -76651  -4437  -64436  27892  11281  45140  -24535  -27279  45487  80486  57816  70263  -88002  -53140  -9369  73228  24017  38020  
62862  -94709  6500  -30462  -86298  -71185  82486  -25578  32302  2816  14078  -47168  69763  -7086  -3006  -72140  -50173  -83953  -71195  -88937  
99869  -8218  -78669  -36528  -29832  66153  -66963  76394  -33844  -59796  30246  -71134  -48343  28284  -83592  -9296  -5952  39775  14310  60638  
64968  -68458  -38057  -63552  1562  42814  -78935  -94210  -24627  65880  55479  -92214  -72760  -30303  -12571  -16947  46123  7163  -53174  -99404  
-22834  -55327  -93203  -44926  28309  14774  -87718  99277  47388  -20323  -76543  5855  -79307  -50498  71768  46974  39708  27649  -6593  -39575  
-79121  484  -98082  65689  -59502  78512  97714  -5558  51845  -5176  -47203  28232  -98044  95208  -65127  84484  -11019  -61085  -94597  -80551  
63360  -92033  -17301  -49610  38705  -5628  -6329  78913  -31746  97371  -29491  73296  19744  59490  -2625  33217  19118  49205  -8391  22711  
1950  55770  -19105  -99949  28314  17408  25156  14659  -20188  41859  35111  7294  40312  11235  42007  -27243  -42218  45574  3480  68093  
-75925  -32545  28202  -36327  44743  9017  -35509  11089  32085  80047  -11087  -15623  10388  -2012  16345  67069  19036  62920  7174  -56983  
-42745  45964  39454  58070  -79193  87367  66882  -54339  10340  4171  11106  53873  -79009  -21599  12654  -27416  -72976  -57169  39602  14115  
44024  -14554  -52385  29490  -534  70930  -411  38066  97475  -55159  -85701  -18698  -63233  -9304  -22557  23071  14492  50518  -54825  -78491  
7954  -65357  15420  69105  -32559  -58351  23268  73067  -12544  -54093  98514  -39092  -56035  -66726  -71830  -78227  -24703  -77955  -49821  6132  
-76716  -91883  39846  72848  -10864  8633  -20218  -1461  -52976  19081  -81333  -24076  21109  18184  16708  69507  75084  -59327  27851  83252  
82339  82090  -76826  -32711  -21188  -62751  77106  -10562  -80197  -87266  97197  85647  27636  5348  -56192  3253  80701  56353  -35902  -59929  
9058  -60535  -11351  16064  -75103  -84641  48550  -17646  7164  -33756  -94008  -39960  -98800  -50627  -48487  85125  -18629  9600  -28078  -99951  
-86688  -76202  -89025  97369  18128  28711  -88553  -72463  -84775  96325  -8649  5007  87910  -55450  -45722  -75433  43770  55840  21607  -26315  
87392  -82713  -14332  -38034  -20926  -50234  -16819  -31881  -3522  -82669  -92271  62537  -74076  74545  -39106  -2074  -64827  305  9252  61296  
63633  -85760  -63390  69311  -35799  -90784  27421  -15264  -91227  -71951  -69515  52245  -57907  -58924  -14564  53194  -46134  1244  -6879  83620  
64292  -95569  8457  4172  14477  48059  -91327  60217  11231  63601  98459  47525  -20624  -41975  94690  70318  -64615  -2139  8089  28759  
52851  -88968  -49301  -8923  12244  -11187  -44194  39849  -13557  -50404  5816  -52522  -97018  22827  11136  44853  -82785  28590  4772  -66749  
68276  39669  14756  -36521  -67296  51838  -39085  44849  49117  -66296  15918  -30370  -79271  -88504  62116  -67139  -52903  93099  -72379  69507  
33430  -58050  -24752  3608  -63211  -27236  55567  -95095  -64615  46370  -65031  -29126  53811  19358  20026  -68507  -64253  -42959  -15722  84941  
72754  64073  8115  -66148  -31845  -2403  -71094  15677  -98788  -14257  43194  17119  -26512  88431  -35453  -4651  65588  -87508  -88702  -36307  
67141  11445  57029  -10218  89181  32606  -19698  -32774  22164  30233  62009  25022  -30913  -45944  93160  30224  73744  24273  26575  55699  
-65365  37074  53718  -83642  -61176  30039  11366  -34755  -89369  -49697  -14993  -38596  -3064  83033  -89366  31553  -93303  -63545  -40067  -82995  
36314  -4152  66295  -52983  -97394  -20935  26953  -67015  -90121  82701  27065  82968  -3487  34261  -16545  46142  -15693  -47570  52634  59552  
82108  -47331  -59301  37513  -90519  -64611  3642  53040  38828  -38141  -36905  7283  -46733  39599  -32012  60791  39122  40870  82073  -91829  
-12672  -24738  6063  28713  59757  57704  -35090  -31347  -7213  -469  16412  94163  83687  -8705  27147  53067  54419  -14064  -27659  41093  
-13892  2094  56300  55477  -16535  -5736  87117  -85922  56925  -19138  40308  -21828  40045  55069  53148  -608  -86084  46709  -72126  -59651  
-82402  54028  96783  -74896  -8467  -93917  63382  -8000  -72047  1153  356  -53375  29207  64251  61307  -88623  99095  5187  -63651  -21674  
35152  89671  -26775  -73608  75169  -19463  72179  -25454  -65561  -10023  99387  87586  46450  -86095  88019  -30824  71578  16772  24979  82824  
-38167  97532  78212  -8923  -95520  -5946  36454  -48858  -34114  -29971  -95335  -19391  12250  -78706  63332  51717  -86409  -16184  -71578  18129  
-84461  -22683  -53618  -23175  6114  39162  -93942  5587  -10546  -44283  -12219  53148  54598  -67863  -94147  -68907  -78096  -30518  -83530  -25836  
-8446  1897  -45307  -10269  25400  48512  -15905  91463  -2821  66231  78809  67236  -52805  51309  -40398  -13947  -83784  -32632  71133  -50394  
19013  77535  87763  -57672  1069  65834  73519  45888  -71803  20751  -38786  57748  -94652  -91053  28348  -83169  -9903  73655  -88569  -55406  
-47688  24095  7309  -47553  -85466  1536  -28930  -73197  -66024  53892  -82441  -1613  67122  -11551  -39267  23679  46724  93002  -76142  -38475  
14646  97882  4585  -45204  -58583  36858  57028  95412  46321  -36918  -7275  -61694  -39564  -62198  14247  60764  -37729  44109  -64502  -77201  
-95274  -4784  -60889  -15536  17603  -54764  12172  -31193  -18527  -78638  -90764  -77921  -86892  91540  80954  97638  84954  91523  68496  90765  
-62069  88713  76224  -59993  8631  -78395  5820  -50032  -11417  -33186  -33660  -38221  -17050  22215  33461  -87983  -3901  53317  31160  -2139  
-46711  -36005  -3465  -95281  34816  82117  -29432  -94697  -80877  -92545  44088  12173  -75364  88918  40675  2865  60262  -79257  -70858  -99598  
9868  5158  -68070  -67591  99591  -12393  -39147  24140  -47974  -1579  44927  45792  -3979  -43372  81582  -97516  -97294  6617  -77690  -62784  
91656  20418  98258  99266  77790  15773  -88842  27476  -62997  -86128  20514  -83961  -49268  3649  -36764  -81836  54918  64254  12345  -15826  
-59682  14476  72171  -55474  14250  17625  -92876  -36772  -19638  23221  91611  -51441  23523  -55575  -25862  39749  9821  -22350  -51055  -8665  
22830  27642  -19492  66738  -32922  -63593  6098  95871  -1397  3662  41404  15343  28858  62738  14732  -40952  -45290  64142  -48763  27504  
-19584  34452  -2197  -14291  23448  -99222  41398  -65755  68844  -18802  90930  -71600  -64105  51234  -47388  -34481  -47792  97547  75144  32330  
-42344  -20672  -84407  -29928  86033  -74428  24917  -68999  -99799  -43871  -43326  -37962  -79013  21078  -20285  -49791  -56897  75841  90829  -39  
-10780  -66768  -35066  -73185  38678  -69613  42801  -36921  -85101  -16349  43323  70218  -48470  -42483  85368  -79352  -33559  5516  95987  44474  
-61537  -87662  -25806  -82081  93226  -81831  -6441  -60480  -27113  91171  -13071  -86519  -27482  11523  -31560  -66709  47774  94097  -44730  -47530  
61718  -93382  -66192  -57608  -41386  4364  -56585  -5572  11838  -19305  -21468  93200  85934  43804  81589  7364  62180  49602  -34836  -7478  
39977  30413  31518  -63466  -39954  44461  -42814  -4600  5123  1100  -27894  77753  37065  -7817  -63664  -24253  -56071  15523  -88435  17035  
-80033  -62990  -16118  -73707  -31623  17759  61560  48514  -16892  81441  -21556  56992  72590  -64962  97864  -32620  13140  -45971  54855  11236  
-68761  25380  -80043  -99893  27180  27682  -79210  -64099  -84320  -10539  66413  87590  43967  9217  -40535  81900  -18891  -67430  -17285  -47992  
-24053  57402  83850  -68132  17755  -12122  -27020  94451  -16247  21094  70861  20872  77410  -1824  -78667  -69882  1294  62658  14679  -49601  
-32565  92637  85757  -2775  67263  59103  -9490  -46184  -45520  66150  -93777  18126  -53813  54876  77080  41854  82336  84072  87048  -28026  
-34608  -17437  10898  -97714  11559  54510  80102  -59851  96765  -85902  -98017  512  94567  2124  -26220  -70783  69736  -24015  65757  -64795  
-12804  5852  -6572  14146  -34770  33625  -6282  49646  249  -79718  43297  64426  -22628  -56872  -54992  67061  -80539  4169  47005  -85003  
-48911  -59365  -66419  48807  -2237  86258  73484  -76888  -68988  -57966  -202  41520  15929  -77930  -73491  95150  -10231  -52310  -73996  62728  
-53936  -29303  52349  95946  36268  -39028  -66214  36457  59576  78452  -23371  -21996  -14716  -95331  -93362  54782  -83299  -73046  -66825  -41  
92559  -65210  39345  -65007  -23722  97006  -9077  -78237  -73375  -39541  -36120  -67737  -28546  11162  -41835  -6270  -76957  -79958  -92139  -17472  
-24683  -98343  -95789  -80775  -36257  68345  -53203  96104  55690  57689  74603  70654  75539  -55766  -74095  -19163  60959  75256  98465  10813  
-62175  69318  76371  98418  -17691  -12672  -64118  85028  -77019  -8568  89649  1977  -72593  84151  -56142  -12024  172  -64712  75597  -53504  
68831  -38236  -53951  47371  55438  1690  -39978  -19543  73920  -68036  10132  99766  32158  50599  -54547  7562  49057  -75354  -44565  -95685  
95689  69778  74713  -84253  4162  -62077  54935  95694  -53525  -18839  -20440  51623  -36297  -24605  2078  -43007  781  17168  92727  -27173  
-38318  -83734  45782  -9356  -55787  11110  -56948  91003  -73027  -45359  95164  -96110  55681  -16853  -66246  -92972  6868  -94537  -37595  -70874  
-36501  -66103  91661  -3861  -57541  -65686  24573  -62589  -74331  -66448  46214  96188  -12138  2749  71807  -34853  -41725  9848  -2933  -25715  
18590  48957  -23254  80984  37840  75717  -76115  -30157  -75101  57501  65569  -40002  -28588  71437  15104  33320  -16550  -38023  87109  -5934  
26454  -82247  94445  -72915  43490  -8843  -58395  -72497  4008  -89426  38207  34063  -5454  60182  -11867  99869  2282  710  -17358  39820  
-24446  34918  24109  -10514  -2634  50129  -90407  40988  -77311  94468  -73341  87222  95009  44145  76195  -18299  -69444  -24818  70788  62582  
26861  52593  -17804  44761  3975  36843  -51797  74552  21366  56060  -63365  -24165  -73409  -85337  73037  65057  43619  -43329  -40510  -45967  
45155  -34972  -45050  -28483  -35417  15988  51909  -98613  -54885  -56466  338  18411  74040  -25013  -33045  -80948  95292  -45069  68822  -88193  
94496  -33378  -38309  60514  -47344  -77826  -1201  -80071  -81880  -69895  79290  88078  194  14882  -50755  31835  25022  -87558  63636  -81820  
-15393  55739  -96205  -68372  85854  67354  -80690  -52343  -15726  53756  82685  -7956  8859  -46755  -70357  87618  41709  -28946  85649  89908  
-80976  71367  -28133  -29688  80972  97843  39476  52279  -16110  -34105  -56365  -75463  -25099  -66381  99142  36755  72175  -60014  52850  -68321  
-5572  -88298  -84727  99415  -55053  -54440  58493  -20571  -24013  30795  -56425  -77844  -56509  -8453  94982  49905  -20835  -54214  -52020  86836  
-40654  95874  -64729  28853  -8335  -44170  -10250  -76473  27428  87860  -70646  21253  -13860  -12049  -53194  -90192  -19967  -19797  54957  -83236  
78526  11846  94102  -41233  -33409  4125  -12334  -14895  -47247  -27822  97966  9364  -85832  62849  78859  11119  60639  15276  -15709  13793  
-19712  -12253  -39719  15844  78496  46004  -56900  -22247  -28246  45915  -51274  -46502  60822  75873  -42294  7276  83300  37649  18956  -45004  
2835  2340  -26919  -52189  63733  -40155  21200  12537  -94369  -48306  -11146  -8235  89270  58687  32343  59365  58123  31597  -45429  -97758  
6947  -31533  -79766  99875  -51177  -77814  -34335  80077  -24710  -82201  -46743  -59089  -70084  8089  -75115  -9239  -38674  51455  67761  59135  
86018  -55390  -45096  -57974  -344  8098  -23836  -94532  -11029  -21907  -85657  -97524  -84683  9140  -38530  34722  74435  8014  -59222  -73485  
22825  -23889  -21022  8998  -7542  -80628  -74981  65471  5453  83384  97063  72344  -76971  -62088  22026  -57650  -4499  -47837  -79686  -99307  
13895  90680  84637  -82865  13531  60160  41175  -13867  -25445  -28206  -48793  -88345  -55687  -80420  -57533  -23689  -10644  55843  95225  98942  
-88528  56764  67303  -4515  -12488  -54712  -59514  -18155  -75434  -80327  -13963  -93015  11936  -32941  -6565  97813  -68737  97172  59288  22306  
-54139  5892  -62407  4962  -7385  81926  -96398  -51139  -74101  -45475  96609  21940  93022  51955  12544  39568  -6732  31904  -90790  45224  
-58984  -36677  -38574  -71411  -38946  -54094  -87615  -95724  54859  -15858  28264  -88974  19229  -78852  -49785  58089  -31758  -40746  17690  84984  
-1000  -30733  -94714  -306  -15566  -78871  -19995  -14112  -19308  -2921  23483  -18195  -15195  89545  -95536  85900  63240  87000  65863  67085  
-97238  -17168  83257  75060  45759  -70393  -16539  69876  -1588  -68207  2532  2142  37261  73418  -16649  -12323  24426  -37825  51046  79319  
24374  -18334  52702  -79552  39515  48900  -26832  3985  45809  28258  25814  13936  -71639  -53005  79092  5308  -31951  44713  -53726  67005  
-46647  -38784  -69291  -85399  61805  19370  90109  -17921  14809  35258  -99006  -74417  15614  66874  -90526  61912  71923  25935  77442  62764  
57560  6337  76213  -23664  -55542  12316  15202  79618  -80430  -8816  6310  -2096  -58029  -11466  7191  -97505  22417  16537  92128  67002  
-50304  70820  -50379  7115  54263  -25982  -80551  25299  -87405  26439  27464  46914  2083  7859  -96395  -78002  29534  53117  -80039  -83911  
-50541  37202  -48143  55984  -93683  -55352  81928  -29814  11156  -68408  32922  28238  -14097  14024  22429  80635  -71065  -74305  -1652  50184  
34841  26952  -61733  68841  -23557  35151  25405  -74266  -6360  90654  -60241  84120  48395  -23515  20512  11550  -47864  -22900  29616  -64259  
-57336  -45606  -24628  8576  -43287  -35085  97528  -74058  53671  8582  -74137  90817  -55602  -56377  -22855  39291  -8288  -81588  -36301  -20318  
6513  13448  -55739  -2785  -66475  31641  1132  -87786  -4804  -52014  -58359  -89517  17021  71627  70662  -70284  99324  1329  -27597  -75075  
-30289  -4072  78871  7444  -70428  -93698  38453  95741  16458  5791  7305  -85494  78512  3346  -72318  -69475  -1550  -94290  87493  6277  
-40316  73562  -62327  77785  -53658  -98642  -5230  -58124  97985  -92666  8373  -26347  -95071  -48259  21720  -99799  8525  66345  -24258  -4394  
59161  -24905  -20022  -80859  -81484  -64316  -68801  27124  -44270  31470  74879  -40480  16254  -77037  56280  24586  -55097  -87741  88445  52801  
72841  -51449  39121  -23564  -90162  -25862  -60757  -65756  7222  -48427  -15100  10889  -43159  43246  15554  79414  -82744  5962  57162  -84194  
6133  -12281  72236  63055  16762  -44244  -22699  44072  -37689  89607  -7510  33793  62879  48777  19133  -32276  -94914  -48146  51126  -74144  
-32442  34125  88248  92355  -92932  -96096  79914  -95280  61317  -25378  4044  -66348  93632  11649  77135  -31962  -42517  96596  -52135  -13624  
-28308  90034  5290  62451  -57780  -1659  -55037  -84490  -41350  78307  64649  -77038  73922  86076  79201  82180  -34267  -58817  -64208  -57706  
-2199  -96289  78253  83583  -64902  6230  41048  -21660  56713  -77081  17606  12460  40985  932  -49719  -83825  -54191  14254  28954  -81895  
-44687  -42345  -19202  40775  -63921  66106  72177  45594  4897  82527  -68499  -78340  19631  -55295  45647  -84701  25979  -46893  44499  -66430  
-7361  39353  45651  98691  37700  -8971  90648  56211  59496  31727  26861  43038  -40461  -10455  88973  -36742  -34346  -50517  53813  -42757  
16089  59547  -72778  -31900  14066  81905  -39783  -69099  -75066  -77619  -24430  -39580  -67136  53705  48335  -55194  -86702  -52081  66585  -72015  
-7224  19075  -84221  -53162  14235  85257  -73909  -25898  87097  71782  -70263  76723  -49728  4435  -92603  57083  87433  -78842  63557  94813  
-76709  50482  61320  40621  20858  -43311  -89026  -90185  -94346  59682  -77131  60565  -31111  -99771  -33837  -15611  10700  -20339  -50769  -38962  
-30190  -29700  23474  -38021  33978  -57399  41981  88639  47293  45696  67130  -37020  94027  3737  -61419  91279  -27811  57778  28691  99158  
-70692  72334  -65768  -34187  -10986  -77276  6840  -21804  32464  66601  -90684  -83132  -66085  -14038  9790  -29581  -83408  -68569  -26974  63394  
-42499  52345  56839  -21963  -99121  -89812  70058  -44465  -55889  1835  -87374  -70446  31271  -15380  -74978  -2727  25606  50023  94208  25825  
48344  63504  31382  93620  80247  79626  66403  50421  41370  -67957  -26019  90675  66441  38185  63741  29114  -58778  91480  50515  -64400  
-85378  55343  62785  -75558  -28724  64213  -90417  57920  -18968  36340  7769  -96102  31480  -83991  -99518  68320  14039  60783  -71493  43273  
95684  39607  -34397  17225  66627  53273  79580  81861  2627  -46178  -48693  28883  -49617  53610  79320  19381  59177  -45913  50074  -40436  
-95341  -39119  76220  -90589  84405  59624  73403  -37003  -4075  58408  46017  25277  -75334  88463  65425  -28542  -30235  -12356  49455  -90632  
35845  8093  -73334  -52265  -7758  2063  -32641  97554  -57293  33227  38457  5318  26578  26404  2189  -66114  41578  -25226  -54673  -80450  
95595  -39465  58064  -4433  64619  7683  43843  12178  28017  5050  -58514  -8246  -25335  39233  58252  82924  26435  -58386  4005  87783  
49481  -33211  -89711  -6776  3030  19577  76231  81777  -52380  30042  -75640  -67973  -94521  4182  -81602  36207  -69770  -33493  -758  -91271  
-88625  45442  -59104  65293  2694  -92313  -60563  99951  55367  -13652  -35046  12958  -79742  13895  26532  91368  -7922  -92087  72574  -46616  
36811  61090  58582  7833  -18441  -46928  -73069  73604  25845  96145  -26836  -11138  56792  -88421  -67838  43542  86940  69129  -6052  -99894  
-54245  57761  68528  -31863  20565  -6907  95233  -13163  -16011  -5531  39107  -76535  -94445  31815  -2116  20221  -77706  -25312  6459  47381  
-53628  -67575  -64065  -95665  88396  96600  -20110  57627  -86996  51568  -67278  23958  -77883  -94994  -41511  37632  -56607  -20894  -92695  41950  
-24862  26728  -71223  -13782  60349  -56250  -86803  -31473  76736  -11084  -98693  -4961  66570  12038  -36632  15061  -32536  -36087  13026  46029  
20545  25082  -95641  -36743  -41333  -57472  -22661  45163  -36830  17609  -9330  34312  -19331  21401  -6663  -60600  45700  4524  29084  91717  
64795  -88705  -51199  36138  -63657  -13923  40284  70887  60465  99864  -42268  68702  70560  -64228  -48801  -13545  -84513  71764  -92989  -6022  
-9537  -132  23763  87884  -83254  39390  -5069  -4926  -98462  -42728  1840  -32103  -65886  36096  3167  -42481  -74027  -42131  29688  -31305  
-98255  -65791  95460  -24945  -33381  -89975  88716  83055  -41807  57021  -19138  64266  7772  -47928  94041  44130  52572  -3231  -22395  -15186  
84839  -58583  -85050  51903  97816  62  39027  54463  37581  -30582  -49261  90141  67071  53483  34400  28809  -45754  -64715  -21363  -91000  
-91342  52469  -35745  35942  77952  -63851  83409  46198  87488  4734  52407  -13559  72640  59686  96018  -74097  18568  -95498  -29020  69564  
94720  87887  67628  -18826  69113  77073  11346  -59050  -65557  28052  -62343  3176  96028  -34336  -97645  -73168  -22837  89476  17984  22764  
83165  37947  12424  99267  -27264  22668  -88616  56527  5509  9285  -8018  -1928  13193  -47307  57617  16019  -66372  -73086  27431  -26568  
-9702  55006  -90777  -42276  -78347  30446  -80632  -11501  16327  77972  -39441  71117  35579  -72076  19808  22077  69737  -28112  -41787  93017  
57766  -67585  -29525  -30791  4656  -14316  93576  59135  49307  -27547  2678  31046  51534  37806  75691  31306  20928  25736  -11580  -85372  
-62965  18753  98587  -16820  2044  -5612  41951  64773  -408  3858  -96193  -35764  36651  94720  84598  -4601  -70909  66266  -35847  75991  
55057  23164  36778  -89682  -94501  -50087  4421  64654  71553  -59834  5120  -50478  80281  -71887  -95045  78914  -28439  53370  52221  -25582  
-47415  -71203  -7643  -79640  -76034  -47994  -38666  -14435  -85800  35886  -16793  72625  -15623  10327  -58374  5210  29014  81230  -40362  26095  
-43652  -73667  22869  28790  69694  -79062  -89389  70075  -61285  32879  -6672  80601  -32968  43880  48915  -96333  83413  1613  -7341  -10085  
40841  -50212  -83234  68340  -43521  721  -53023  7963  4513  -8495  1986  -52896  71026  54017  33131  -95581  21951  -80274  43083  92274  
-65310  -90404  80030  -42985  82263  42601  97489  34001  81381  21549  53779  2845  96719  -63689  -86206  48170  -47699  15891  69932  -33428  
78275  6250  -50460  -22353  33721  42369  -83147  -99642  63090  -42818  57332  68055  -51044  -57033  -95951  -20534  26199  84253  -24225  -7911  
-82183  -95669  2731  30872  62734  22440  78155  29802  47170  -93851  42454  -39276  95779  90884  -77241  61492  -5663  -74278  49198  74276  
59784  19278  -37976  -18932  92983  79376  -75879  -1059  -62408  -85941  -39308  58839  -50620  -34500  -70454  12844  -88548  -8970  94413  -6859  
61814  77608  -29373  -93650  -83282  21799  -74422  -44593  -41829  38526  -60519  -88448  87072  48161  28877  -12165  -8760  -64901  68738  87369  
61429  -82124  -5263  -70977  -38584  -72590  10177  -9998  -21201  -95755  63524  20916  -83264  62033  5340  -14874  38871  -45659  -8518  -9853  
33805  -20168  22389  50859  -35597  -53730  -81201  52604  54754  66875  74053  -54556  -24547  -19435  36850  -30546  -88437  -44449  94528  -66225  
-32498  92541  -35859  -58009  -50907  70201  -9464  -55163  94687  -3872  -31735  53268  -57411  -37078  94379  91125  81704  9183  96801  30656  
77571  -38630  21861  -7933  -36863  -59592  -74718  -38369  71027  -48788  -55788  19890  75019  13763  97742  -67961  -16960  -89227  79323  -59556  
-18363  13819  13541  24663  -94877  32159  89168  41497  42707  -26187  -38783  -46924  -98430  -33544  -92712  20546  -52365  61630  10765  58221  
-4284  -91271  -68847  17500  -9636  92755  83238  78302  -49348  87241  42920  96966  -41378  16939  -24176  61529  36176  22195  -27725  86320  
-50282  23932  -40800  37477  6631  -88768  56270  -22805  1150  1774  -92747  84763  43682  -60635  -46022  -64916  46965  -60197  -81277  -49689  
10626  91183  63270  81387  85019  -4786  85217  -57752  57151  -41229  -59771  -53829  62935  31007  27192  -8027  -99351  43408  -9443  -96737  
79536  46406  -78838  -5952  -52719  14730  -18507  52677  -22669  80432  -91937  -27300  -43623  36313  -44224  -58881  -56592  -31527  -1565  86844  
-26066  -76494  -90184  42802  73422  32638  39484  15262  -29713  89411  -59282  -97221  72144  88466  78938  -21740  -35662  4268  -37486  -27752  
-35500  42  -76733  -18942  -61300  390  -61033  59822  37010  -42392  -89548  -30078  -95387  38838  71398  40423  88890  -61704  22043  1876  
-6710  9711  -35642  -54701  52020  -19003  -25159  -50411  36509  -34981  -45254  -82125  -7795  55453  86196  83740  -52406  39401  4952  -81139  
-22988  -30925  92875  -3334  60116  -26174  35079  76145  94859  -71051  -7309  -68049  -84124  91152  75408  -30721  -70819  -31284  -59495  -92284  
-1145  74833  99610  -14968  54822  -16505  72546  12613  -81557  69246  -72981  32235  85757  31838  38530  -22875  67579  -57466  65074  -92184  
-48953  80832  -90465  53895  99343  97323  32400  -34160  -32787  64200  45580  13388  51717  47178  81317  13803  -75418  1497  -35154  65036  
-14441  30436  46296  -14773  -30381  -26384  15591  -83614  26893  -84722  23272  -89751  38453  -95206  31422  -16703  -92249  55614  71567  31126  
99836  -44329  -81626  57501  33722  -96312  -64102  42021  -40176  31330  -37681  -64209  -70670  80848  93666  33658  -94937  5450  20138  -58338  
80586  23212  89431  84747  86111  -65752  -796  83163  88729  39992  83762  57034  45307  -61601  96499  25168  -7162  21823  46660  33375  
61830  -96757  43517  48878  37202  -7042  73525  668  85658  47187  4436  -40047  -75886  -61020  25719  -27238  60581  49066  -56627  -87292  
7706  -22468  74207  -11427  17791  8462  9469  -69340  16164  18799  -24336  10026  57354  8687  15041  97000  -44697  86694  11583  28210  
895  -14214  -3717  -56246  88746  -76759  61841  -40974  44738  76816  7583  12572  10311  67465  -56090  26003  75473  -10130  595  -19527  
-47676  -25073  -10330  -34800  7961  -4802  -76632  5733  -26708  -1897  24304  -68574  -37949  25067  93509  -91180  6764  -68152  -28948  -72454  
7636  -59440  -48115  72813  40387  -29935  -2703  35499  4764  15973  -11423  -70329  53389  -55819  -51384  -13731  -64916  69121  -92371  -76921  
-16592  99620  12087  -29720  84500  85662  76945  59572  37739  67826  -35311  -65283  2379  -27139  -38188  -75929  -14457  -30843  65648  -81354  
-67543  59468  35653  -52947  -68848  96951  29759  -94880  -30734  13810  39638  45890  -19276  -11135  85962  -9254  4039  -40424  91612  -35917  
16008  -31870  -67312  24357  -18908  7481  -60779  -63264  69360  7614  94738  -5326  31125  -89122  -52447  -42102  -60741  -26119  26600  47535  
47858  70130  40036  -53173  3665  87729  60349  63181  -8653  -69163  -59430  -8608  -51132  -23843  -59857  -18935  29868  33461  40001  87867  
14185  43545  58546  11420  15288  -11659  65886  -86020  -3841  -66517  45547  15400  65404  5166  94128  -97637  36790  -16131  29304  -18538  
-87427  -60574  79720  19548  -27331  49918  -87282  -6479  -31590  -92182  -82256  -5345  -77297  -9676  -31591  11825  -97406  -68202  83781  -10555  
-42858  -16662  28151  -94381  -41443  -5740  -16745  -45709  -83447  43912  -92891  42307  21458  17838  -42129  83342  -5975  -21376  77116  -27118  
-96673  -52151  20959  75791  -29574  70269  84725  -46934  -7188  -22304  -13183  -60832  9169  -37461  74325  -1269  -70885  66909  -54309  34127  
49464  89097  -56239  63913  -45419  56463  -18164  -87944  -86919  -33400  -55828  -7515  -37894  -80089  6489  13949  -80054  -87780  41433  -46255  
-59629  43219  -8846  -65816  -65738  -45091  -81747  -96756  -65534  59660  -61028  -93863  38167  -50694  -21616  17889  -11407  97140  -23557  -83016  
11004  -3581  -52737  18301  -85873  -36069  -47375  25624  89888  74156  55830  25757  80458  -55672  -69440  -20305  91594  92436  48635  -44636  
8637  -6811  46245  -88884  72428  13002  3787  -81754  -37707  -68484  -62263  -73042  -22267  -44163  43461  -59332  -40629  -10321  -34073  44713  
-25030  -35919  -39698  60766  -46328  72792  -67566  63947  -31953  -31667  82270  30847  -40543  -47298  34910  -36610  86613  -68511  39292  -87679  
10802  -24531  -28714  -37155  8352  -61872  -80964  27924  23217  60497  -37350  -4159  -68438  15499  57092  -86889  -44310  62  65029  -98507  
66491  -75197  -16758  -30334  96060  97467  9176  -67253  12376  -71283  37688  2028  -16483  -28690  16892  43081  -14606  68648  96194  64290  
84598  -49581  92732  -63928  65034  -50588  35509  -48991  -97248  -97616  6711  15455  -18075  89464  70977  -30999  -93189  -27244  27183  -9567  
-38049  67669  89678  45698  -34961  -83731  -93955  4471  -21742  49265  86056  9562  17999  -71282  94236  -1007  -89704  -75513  43420  -29845  
-13245  -84528  -45198  41495  5482  -50050  -73543  75879  63589  -64476  55233  53406  -76303  -88470  -92754  -80594  88381  -34359  37160  2339  
-69677  79364  49031  52583  -64628  -75862  -53452  -65643  -4358  20225  3948  -3507  22965  -99706  89099  -82213  -47316  76115  63356  90137  
60669  35660  20340  -27596  -62724  66619  17601  -30820  -51445  -20532  77782  70759  -21956  -85095  61158  -78267  60094  76837  16344  14603  
-91933  -29959  -43127  -57964  -11208  -69505  -16185  14027  -33496  40474  38508  82939  -61176  98498  36742  7100  -51443  -11741  70364  75522  
56093  5973  -85803  -39033  65451  60531  20378  -32165  -41648  -86100  -70505  -66984  42826  687  61053  -86510  55541  -36958  -13526  47803  
39776  83352  -98520  -50348  -67157  -51757  -51823  7775  57657  45770  -43020  -96299  83835  45443  70475  -96479  46839  44086  86981  -96999  
-24795  60312  88290  95895  89142  -48128  -44859  89132  -24821  61689  13290  -94442  -7785  36419  -80956  -1695  -43886  -73702  20299  -79541  
71455  8522  -68472  -2126  25595  -69606  -31385  -18005  93963  87576  7973  3150  37313  -81723  40994  58937  2847  -20297  -73326  -96448  
-50566  95214  27821  24733  72708  88021  39192  -72334  -66216  -40979  7503  -64430  -55685  43837  88014  -24182  16798  -53142  -19031  37902  
-71950  38238  -25333  97770  98627  68442  -98824  77747  17026  6818  8990  75274  -98372  81205  20375  -86831  68086  55771  -69100  21708  
55091  -63770  53906  -4079  37080  31009  -45461  -72105  -72201  -43773  47419  22187  71399  -14074  -54611  13131  19505  -23870  -62744  90768  
-71124  41048  79122  -26006  -12741  -1174  -98293  -60839  22155  -8658  50021  -89033  -19959  94802  67234  -81670  -54401  25491  93019  -89424  
-76430  -44159  31850  -15619  -86236  -55665  -122  -29299  70572  8625  -78920  43815  8422  -57962  98982  90538  55571  -99613  30760  51288  
-43570  -79873  13125  -31826  -31184  -47550  76992  -28485  -60074  -5021  23622  -61490  -20141  -41123  -58244  58813  -23823  -44095  -71521  58587  
-16589  54780  31278  64054  14431  8192  -31560  -15568  -91123  -67595  -48742  50232  44052  24744  28122  -83852  40205  5959  75285  12159  
92156  35111  16843  -83090  -67704  75982  -6042  -76100  98849  74971  1817  -49086  -430  -39319  89590  38506  15830  -7593  -82462  -82484  
-38709  -73459  51615  -6536  -56223  -2086  -40016  20389  13069  -52133  -87431  61396  26416  76516  24716  19257  31037  31903  31838  -18200  
-61952  79655  89110  -90586  69571  4431  59980  99166  58845  20905  -1910  -81563  -25672  23732  -94639  68721  -59778  21555  -5293  79593  
-93086  -3938  95863  29963  -9157  -10034  75640  -11605  -23325  6768  -96287  93924  -29439  14576  -37754  -12313  41383  13478  73838  -44250  
68867  56649  64268  38420  -42117  -33680  -74171  -16836  45505  92737  -17855  -86107  83881  12235  9457  46486  71500  -80833  -3914  6776  
22729  -4543  -39201  -74862  -9754  98538  -76345  -57339  70643  -60783  86588  -65422  -70329  87925  -33769  -83392  -26678  -23074  14920  -61152  
53466  97426  -66522  -10780  41683  -56215  -91097  -57233  43538  41075  -73801  -95886  -59733  -557  -97918  -70264  89314  -56965  37380  59228  
46560  55  62307  -36611  89298  24842  28470  62446  -53947  -30843  65559  69343  50517  73603  75643  286  -91836  -27681  -21957  -31805  
91313  -32852  28149  -1769  20390  39972  -21952  73662  -6156  -41781  4191  66501  -57659  20695  5077  -83307  2207  -15123  246  -15294  
-36081  60183  -25442  -42672  78121  -62704  -95695  91611  85020  8439  -39955  51327  -59859  36384  -58340  75650  71040  -66179  -45837  22229  
-87353  5990  36702  -5180  8333  -59397  -60063  77592  -84899  -1530  -78484  -95541  -24184  -19171  8326  92157  3418  -84937  -61561  51252  
45022  -12600  48900  52544  14417  -59963  -7002  -7795  51997  -37115  -54741  20851  52207  -90089  7264  -53757  -26684  -16071  65503  -68229  
3386  -45207  35032  -29670  74230  -62936  26225  -69376  -98367  -12070  -72299  23470  -90419  19697  -26499  -18765  -59295  5661  18432  85679  
73549  20094  30532  48279  -68252  24475  -39977  23392  -90780  -56967  54446  -99261  -90640  74115  -48769  28110  6549  -25544  89586  -2135  
63365  4874  72325  -16397  -4222  -96400  31636  -9702  -28669  3738  -81471  39694  59878  84426  -17399  3885  1440  62192  -66860  -30748  
-75725  17279  81771  60898  56553  -81474  39232  62414  -26626  88392  -39999  28931  58418  63599  3996  -78112  -21861  -45426  97566  38426  
-11675  55962  91210  -58365  99752  -76242  22940  -87072  -78913  3670  61474  47665  31583  59237  53069  -36791  82767  -77955  4836  4694  
-4248  -59704  8544  8290  -80285  -65150  -25626  47635  -47715  70175  86443  -33924  78239  83911  -9327  29659  40257  -60688  -36200  20166  
-24419  58356  -28801  -59240  59588  -10229  -81706  -69392  23468  64482  -85053  34405  -2704  -28534  27971  -36063  -90560  -48563  43224  28097  
-37291  32565  9217  86654  -74042  6888  78629  86883  81226  -2442  -85702  -59096  6015  -21152  -68104  -62373  -7016  14930  7857  7657  
-54235  -4823  11997  -76400  -99755  -97302  -83060  -12300  98768  24165  -28133  85669  -69108  95529  -63370  -15620  -12478  38753  2573  -22401  
50569  -74537  -89663  16009  -90352  95418  69197  85273  46673  -39100  1117  4334  22398  -49640  85264  65764  29940  21532  -13768  -83967  
19069  -29411  83025  -50261  -94674  25731  64127  -24001  -29521  -40313  99775  -79675  48743  -1616  30870  -17165  23033  60050  34866  -16321  
226  -32276  -78807  64597  -75015  49461  -329  -66396  -41171  13065  -72678  54022  92188  42891  65613  82923  -79607  74321  -5387  67974  
-86802  72812  -29378  -7641  43977  -85572  -82793  29282  -18466  81303  -6880  -39523  -34166  -16840  -78671  -96977  95760  76361  30188  -7107  
56957  595  -94247  -59583  -61399  -69203  -1810  78839  49454  49747  94295  -29108  69843  -63987  -74446  16377  -87049  -70390  -35621  -83310  
-26935  38899  -88464  -18788  74261  80861  -77422  40838  7753  77018  75785  -62331  -89464  -34001  51557  -10423  24411  90450  -96087  -62686  
65170  55255  38878  89520  61165  -71265  -40816  -85829  10316  -6462  69309  -47356  -13147  46374  -10405  -96131  -30367  -58030  73102  -60554  
9791  75666  89640  26686  -34898  -8161  45612  4530  -33111  -56748  62984  -86656  -9683  -20001  -99853  -72911  -41682  -68014  -72680  89184  
-80893  -54754  37562  24972  93818  38022  13981  -89482  -69693  -91086  -67946  -37951  -3792  55116  38679  -33499  -19271  -5723  58318  -86226  
-95831  30725  -23143  -46043  -48499  14401  51404  37059  25522  54146  -34035  69097  -35135  -39298  88548  13824  -47064  11534  -97983  -28805  
-3722  26997  30349  7624  11443  75286  -69158  -16081  44386  20349  11960  -96715  86232  -60336  11917  -40894  -1824  17845  -50810  -26717  
-73697  7520  -57705  -89769  1856  -72618  53305  -70632  89167  62422  -31219  -58180  -1751  78015  -47188  -48907  -57443  -83810  17865  -58440  
-55961  20173  -76372  55980  85685  -93910  47038  65356  77455  -63073  61176  75525  -20914  88948  36516  -89181  78224  42336  -73929  -456  
-78783  -48447  37538  -45094  82862  -88909  91204  85741  -11226  65478  4313  63643  91055  -42835  47088  -47113  52747  -11830  77704  -9779  