-35  -578  200  -543  823  -1  -497  442  409  -285  -304  509  -684  394  387  -408  -938  788  742  
821  650  -160  225  92  -449  538  -872  -448  588  185  51  -900  654  -825  -943  -830  263  537  471  
250  328  788  13  -34  444  -529  -642  -59  702  -497  -852  855  937  430  -605  592  986  -4  713  
998  -64  -483  881  -362  -658  -302  974  358  84  676  764  865  -501  -875  780  54  -318  -579  710  
-348  5  426  392  -997  805  133  18  284  -563  -311  738  -886  892  502  194  -776  -261  -737  -16  
-221  737  491  -889  -496  421  329  -967  831  -300  0  839  -122  490  258  318  -239  550  704  -173  
-486  319  -29  603  -393  366  712  -576  970  214  -223  936  -3  -339  -956  121  1  541  120  -989  
-826  493  -259  -578  74  -978  463  -39  513  -72  -994  827  210  431  182  477  -65  25  -702  560  
-381  967  555  -988  -122  851  64  122  -995  424  455  -56  192  -279  -54  -926  157  -23  -991  626  
-641  122  257  -194  -762  -643  -283  360  -717  772  -113  244  -731  -59  -557  13  -641  -593  984  10  
-314  -374  92  657  -609  397  -153  -568  -4  518  68  -856  -405  512  -466  -439  444  713  370  -958  
669  201  -143  -261  -153  487  914  -65  -529  620  -523  -580  499  243  -724  -868  630  137  -250  -577  
-34  656  512  -47  902  784  -202  -123  442  -629  87  850  556  257  924  -268  643  -18  -121  -390  
918  275  916  391  50  -945  208  431  -624  -784  -471  -952  618  351  397  -608  641  -403  -301  183  
-828  -225  -7  525  -73  -401  -483  520  135  891  -51  377  886  862  -51  -379  471  -279  -316  653  
791  547  -354  704  -434  526  -662  -384  -360  873  -941  996  -319  117  60  -296  428  172  427  -46  
-10  -449  -970  -165  840  -952  -391  312  431  823  261  719  840  824  488  455  67  -443  871  344  
616  -369  -208  693  351  138  610  986  -932  187  491  163  -450  328  732  258  697  912  -722  -354  
335  993  -196  -390  -559  -102  -481  157  -79  167  97  491  677  973  -636  -333  -712  501  458  744  
-961  649  -677  407  481  463  924  222  105  -970  450  -270  -91  -622  951  -145  -3  -156  60  -491  
-666  972  -632  675  275  856  -158  371  -80  268  185  447  589  -569  -722  593  -590  417  805  801  
438  -245  -544  -625  124  337  -8  -113  -864  -104  282  347  45  -201  -618  -845  365  -48  292  -779  
194  385  -731  50  549  413  -41  439  -389  534  159  -641  880  -836  -576  271  324  951  253  137  
-406  533  -457  -915  -291  -551  810  683  419  -707  -549  -635  -108  936  411  -547  -173  775  389  500  
895  -735  -269  911  -151  461  716  -612  -90  443  394  847  190  357  -607  326  867  -663  129  -660  
-811  -991  -784  909  747  614  905  -7  -28  -285  241  -716  -420  119  -400  -975  -788  481  510  -509  
966  -178  224  -376  343  -815  850  510  29  59  44  -695  -797  135  -247  -611  877  753  -656  884  
-216  192  599  369  809  209  -691  964  467  -844  325  -373  275  470  -6  -4  712  -209  -231  55  
-635  -858  387  -940  -163  855  -491  -772  770  -529  -935  -854  444  -747  68  909  318  339  -868  -304  
-21  -317  -364  -883  374  -240  464  -10  -764  -320  709  -47  -69  -600  -872  255  -891  -386  -971  -106  
-395  -271  172  -975  71  673  461  28  -184  -700  553  704  676  571  -615  754  -875  -370  -813  -777  
382  151  -926  574  383  -526  -600  173  216  -476  -119  -299  897  396  -903  157  -237  -447  241  -449  
157  320  -967  -505  -856  640  270  -114  -4  -39  -537  -236  964  -780  -770  -672  485  949  922  204  
-900  -547  358  428  -777  712  -410  729  -300  499  -480  826  63  519  -588  396  572  724  485  627  
226  -221  -753  -367  -133  -8  372  147  -868  91  776  166  315  -572  -7  -428  -234  902  528  -122  
-276  366  -667  512  104  332  -210  903  617  -921  181  -454  556  -808  344  -29  -328  -927  -276  745  
47  410  -803  -206  699  941  46  -443  999  -881  254  787  95  274  -685  -646  -174  415  21  462  
212  831  417  783  -350  903  655  -893  -82  -178  319  619  778  553  -778  -498  -472  -997  -770  970  
717  -969  441  113  907  697  -237  -171  -101  474  -72  361  -307  -523  329  425  -969  319  -516  -817  
-117  -509  -651  605  -737  962  2  -644  927  -607  -845  766  -226  863  866  708  -340  -39  440  -743  
-294  -602  -385  -737  507  646  -738  -275  -711  -67  249  26  38  -525  472  837  -846  536  661  45  
834  -294  -755  -653  943  313  -841  61  290  -200  -695  -231  -1  -940  -31  487  -493  -257  -852  -916  
-567  -727  393  -326  -631  3  -607  -492  -111  622  -346  626  -189  -223  -657  -447  -267  712  -380  281  
608  497  -443  -59  195  -78  -169  -385  89  719  -332  -469  -446  -991  -191  540  34  -604  299  140  
-93  332  414  965  581  -172  -880  -185  -163  756  22  -248  -29  650  656  -403  -239  77  -212  -549  
403  350  52  -392  831  -122  962  -457  888  -468  148  -263  764  439  673  741  -335  650  -197  233  
442  54  626  616  739  -522  66  649  -417  -306  -691  91  -540  521  524  -253  611  -858  60  771  
-477  -171  -239  301  -839  696  -247  746  -851  -229  -398  -773  -778  51  -706  -252  271  135  -908  771  
-823  -606  -109  -720  -867  -28  437  -680  130  934  -768  975  503  -168  -443  -420  256  336  223  655  
417  918  949  199  -274  -397  684  -242  -547  -351  795  -502  -334  775  -507  715  -686  -570  412  -171  
689  -957  144  -152  405  -178  -169  63  -221  845  -197  -515  67  880  -736  513  394  750  -58  -866  
15  521  -452  -194  -34  -898  -381  499  -811  45  -861  -292  209  -829  141  -971  667  -658  -690  -3  
-33  -131  -780  -304  93  -328  803  -511  -400  -11  534  -822  965  865  41  859  -538  326  -622  -802  
-769  -617  -861  197  -412  585  508  654  238  901  726  -259  -870  223  910  -7  33  -467  -896  231  
266  -857  -209  -158  -539  -521  -884  -938  881  689  313  -712  882  -397  -475  176  739  -420  -740  127  
877  -631  859  800  949  -928  818  -255  545  -669  622  -936  723  437  760  971  995  -481  -419  -688  
-898  -163  290  -957  -869  116  -24  950  -182  -281  -946  376  -225  826  608  787  481  466  512  -602  
810  500  943  -497  -773  616  490  516  563  447  509  699  214  -510  615  -553  -60  -842  -820  200  
709  -771  726  -249  -970  654  110  694  310  786  967  -380  -686  -248  265  -411  784  -291  -7  -63  
-825  -130  537  -375  429  -608  -421  35  24  541  600  -880  -127  305  604  772  -667  -478  -184  932  
-763  898  -391  -912  441  -782  -274  -537  -769  -809  -926  -839  -459  74  -815  -448  744  263  224  -14  
-862  -587  958  410  -473  -37  -330  327  381  -566  -577  -794  -154  -194  -486  -900  788  -66  797  940  
-52  -164  551  -85  427  332  -814  -460  885  671  861  -377  284  -723  -831  797  249  -468  312  902  
578  247  241  239  -469  -313  -281  -959  -923  797  -288  770  954  526  -137  -211  -925  990  -348  -474  
-347  -782  412  -546  228  -842  -156  630  170  66  415  -83  -924  -305  -173  -803  72  244  858  -677  
-334  -977  809  169  701  -403  -717  -641  -808  -123  564  -732  614  338  135  797  430  -886  615  -661  
489  460  5  989  -88  -961  339  199  -745  821  214  134  296  139  -389  873  -594  289  -56  -423  
352  252  -999  -452  974  87  265  -658  116  448  -851  -212  423  132  909  815  304  -713  808  137  
-983  464  -600  -255  -951  -952  29  841  -491  -355  499  -530  -905  -158  -801  -130  -422  746  664  -83  
-671  -359  518  -332  624  -282  -4  75  530  786  610  -207  -227  213  414  424  -941  -210  352  306  
368  -275  -316  179  445  -840  561  135  -71  -987  204  -239  -505  466  -446  774  -859  -975  662  -710  
-603  859  897  -54  279  999  607  -910  -894  -834  -924  702  -345  375  -778  -694  -901  -898  904  715  
-701  596  334  157  235  -110  -935  476  587  924  741  832  629  523  721  -507  666  767  -663  -159  
-187  -98  -435  -188  365  867  -937  102  -908  185  -983  -998  -740  280  -589  446  496  526  263  -214  
-437  -406  254  -303  920  743  -960  516  -810  53  -584  -357  -119  277  248  -153  -225  -213  -854  474  
516  -991  -1000  754  668  538  379  991  -84  310  -132  -681  -200  94  -606  -608  914  948  153  -821  
-334  368  737  -984  -902  -941  58  -165  -960  118  864  769  -261  751  -411  -818  912  165  523  -884  
454  -400  -181  582  865  388  572  -185  734  812  -171  817  167  784  -352  -703  -347  236  -171  794  
-47  -307  -255  444  956  273  -493  165  -325  368  285  356  563  -664  -723  -665  -518  41  -187  802  
-831  -704  -463  -601  -610  634  330  896  -223  423  118  770  228  350  426  -497  14  668  916  -352  
-309  784  746  926  -35  -532  931  -61  866  682  -366  200  -845  -931  -173  -128  -19  -849  826  20  
-892  769  -459  -981  -219  -519  803  -922  -605  -892  0  -274  -621  -454  -879  -738  604  -353  614  -214  
592  789  468  120  -187  -65  -775  -288  989  727  -895  101  434  -965  -393  308  -764  629  14  773  
342  -395  640  -752  -176  -186  -944  66  100  -421  170  793  944  897  381  752  36  439  245  998  
-511  918  -689  -875  746  -945  -503  91  -262  301  127  222  -143  -856  438  -624  199  -437  649  -392  
-47  -267  290  85  746  634  -150  344  642  213  -211  245  933  691  833  721  206  -863  38  431  
520  679  395  644  15  891  925  456  -151  -379  -609  -261  -510  810  -475  881  968  -95  419  440  
281  -283  -824  -348  -828  770  -576  563  -349  206  -704  226  57  487  712  -861  67  882  932  999  
-343  -739  -796  -152  524  -212  -110  295  264  -40  375  709  -580  420  -791  788  384  -22  -300  -737  
-902  581  -806  -670  -93  791  -689  -583  861  69  -35  -737  -536  166  54  371  -318  184  -811  111  
-390  -503  -119  -972  604  -835  -7  -259  -614  -337  -782  -498  -479  -972  -108  222  817  -741  -314  -918  
282  896  -261  -659  -526  -821  828  256  -281  -652  91  -936  -970  -888  -195  710  516  -406  -222  -395  
868  852  -169  -658  539  -973  796  -587  -916  200  -406  -989  -61  2  51  740  805  550  -191  559  
748  577  -901  413  -324  -64  -474  764  -552  540  -798  -513  793  -207  -429  -532  -615  173  -852  -17  
380  -820  39  -913  886  720  431  450  -867  280  -187  998  484  -476  344  -2  902  -632  -119  -587  
-278  -168  545  -138  -966  -327  7  -63  -286  -86  -534  -532  -372  336  -81  490  118  -832  162  -866  
527  713  686  -249  917  -2  -33  472  412  679  -488  708  974  956  -144  -201  -543  -313  -258  141  
-914  -53  -775  853  907  134  -467  881  906  101  -184  -787  67  770  75  47  -973  578  -147  -284  
495  397  -138  940  814  -239  104  -572  231  -402  370  870  -372  777  260  412  -685  174  -168  -512  
41  915  739  -695  937  648  -803  68  -92  -127  111  953  -871  851  576  73  -357  -780  -348  -573  
-670  607  431  -706  893  -484  385  -328  516  485  -870  -139  855  534  -775  611  60  -722  -883  37  
-463  562  674  967  97  -778  -904  -853  -146  -548  -302  425  -889  608  587  -334  -20  -796  -949  923  
-939  -284  -407  631  764  -966  287  -491  -465  -756  -902  -391  -442  691  456  -338  556  -28  -907  -551  
-797  793  -836  -476  -501  -806  -635  -994  -999  -273  116  160  930  -262  714  581  -784  792  766  -828  
436  -210  -37  -728  -876  965  873  -753  578  587  230  417  760  131  56  292  831  -399  -289  356  
907  356  -449  981  704  902  379  -301  945  -328  250  -346  794  -323  -323  -311  579  161  -509  727  
652  801  -593  539  -920  898  -439  -788  -728  -748  311  634  -642  -483  -938  358  472  418  868  990  
151  -850  -632  514  -754  587  -578  -399  152  -149  -400  842  -738  940  -274  174  -856  -244  219  257  
92  372  339  494  958  621  206  -325  -927  211  677  -729  -768  -448  193  277  431  -514  86  804  
-594  -358  -270  752  -525  939  -139  -713  -213  630  598  -378  -940  602  273  810  -24  -933  252  911  
58  208  -576  556  -839  -718  217  -941  528  -517  -444  -433  -122  -158  394  -925  -859  -412  33  691  
341  -561  -640  88  -2  124  -269  650  768  666  -973  780  -374  276  645  456  513  -921  -732  -232  
900  -389  -378  -854  -479  -441  657  443  349  -590  -504  -858  605  -132  -483  573  802  -738  631  -849  
-976  -575  220  -305  -637  499  146  -705  856  25  545  215  -396  498  354  94  545  -599  -756  215  
177  214  304  -692  180  -44  344  211  -404  -423  254  710  -724  78  -727  364  -479  591  -979  -373  
-404  -872  -825  166  -308  -336  349  -172  -521  652  353  -352  -766  5  -300  370  672  -20  -440  374  
463  -322  -123  271  -202  -382  389  252  -995  545  -586  -275  -723  -435  -155  -298  252  -129  201  956  
415  66  84  533  940  661  -32  378  -637  -209  -568  -546  -267  -149  -753  834  -424  -312  178  198  
-54  -609  38  -654  762  170  -819  -281  938  -253  -152  78  -675  -466  -349  320  630  -371  -817  93  
630  93  90  -6  423  -880  196  -399  557  -810  -296  619  -877  849  -567  -544  972  584  918  36  
963  -924  -692  -590  -276  -914  902  181  544  816  774  -879  153  648  57  955  296  -201  715  -566  
-570  268  -790  -333  -845  -339  913  373  -395  194  -884  403  848  937  110  -142  517  -165  138  -422  
27  316  313  -257  905  964  -668  453  -25  950  184  -212  -679  -877  489  -723  178  291  -853  -70  
-572  -768  -633  916  -272  -91  624  957  209  -148  -68  -513  -396  416  520  -832  148  395  969  -86  
-66  -377  -137  798  250  -380  -83  -927  421  302  -555  307  -959  -537  833  -80  -850  884  -574  -558  
-969  -789  72  -565  653  134  738  -476  -570  122  -513  -269  184  932  -178  826  13  623  -888  346  
389  714  -882  781  541  588  306  588  1000  209  -448  909  -573  655  14  168  110  904  -713  -330  
-601  477  451  -860  -477  -14  60  -499  666  -501  -503  299  -556  739  301  558  607  -557  614  477  
806  -578  -598  -536  -762  182  -1  400  728  588  222  150  -939  -533  -501  333  860  -623  -350  872  
537  -63  834  861  791  -459  176  -652  42  618  143  -162  951  -863  -4  756  -184  -987  -431  700  
-287  141  -34  875  -37  -481  -863  935  -583  723  82  154  120  1000  865  872  -243  -662  -766  -525  
-716  -497  -870  463  104  94  -77  -555  -81  -183  -680  130  -528  94  -204  397  804  583  -741  223  
105  343  640  -912  -100  -67  590  508  336  479  690  -687  407  -231  -64  -357  90  -328  625  511  
-146  -162  631  -74  546  -392  803  585  400  869  785  926  164  278  -458  -75  929  -660  -663  -13  
549  580  677  153  197  -444  558  -450  496  963  479  -655  -660  -358  -405  633  823  -504  406  339  
-557  742  -548  259  -295  -151  -11  -178  907  -384  -165  394  -500  -550  -290  -23  433  176  228  -701  
117  -625  24  -57  -770  -324  -268  -30  -845  -930  -967  475  878  892  -46  764  -53  -264  -466  332  
-622  40  -483  -924  -248  -959  682  -335  -370  -568  -265  694  -749  -719  -180  283  -72  138  821  698  
-271  369  -245  -341  -74  199  -432  -647  564  -86  811  -778  -944  -7  -213  -492  -65  537  -254  365  
-86  -398  -584  -354  -830  256  -347  -326  -486  122  609  832  289  -275  -274  -14  -302  -18  779  -79  
-2  -308  -881  -409  699  -707  716  -673  -452  -872  -796  -293  555  -95  -359  -249  -616  413  625  -548  
832  -867  -468  -639  883  641  561  0  -956  226  669  419  -383  652  -824  -738  345  990  -823  446  
-881  267  484  -437  -342  960  816  -41  298  -834  -603  918  -771  793  246  346  756  -94  -323  -177  
-30  867  447  594  546  -427  -582  -788  646  892  370  -891  948  -251  -908  26  -19  21  134  -274  
-566  -779  687  612  553  394  -15  -859  326  -714  -194  -598  599  -835  -954  -13  -964  -820  -198  443  
819  -89  100  435  -715  753  -949  -299  579  -880  -386  -230  -792  -495  -232  -848  -877  -898  62  -122  
463  995  140  340  892  -228  -186  587  -626  470  -676  221  339  838  78  -351  -832  -2  762  243  
512  821  584  560  -281  309  -720  931  369  513  -75  220  835  -285  -593  61  9  -477  57  829  
-185  -522  -371  -125  -107  20  990  -784  -696  -432  754  -713  859  -698  -80  -85  526  446  977  -300  
360  970  169  -188  975  526  710  -662  880  906  622  0  -999  -777  613  711  -517  103  554  -427  
976  170  994  -418  -398  137  -89  -690  -891  826  -107  254  -126  -404  -264  733  520  -496  -610  -906  
4  754  444  -479  923  -544  788  615  -198  -822  -481  362  192  -59  179  974  -141  575  -277  305  
734  -339  -307  -249  -734  -963  -245  -382  88  -792  562  -193  873  -757  36  -960  -923  240  115  -269  
-632  -158  405  105  -826  808  357  -889  -190  -445  634  -718  543  -271  -351  -223  683  -628  895  758  
-172  -218  110  909  292  -649  369  807  -237  329  -969  -393  -989  -129  -996  546  -18  148  575  -767  
442  84  -421  -67  -948  -262  92  280  515  -81  950  299  -272  7  955  -182  779  460  -11  545  
-654  174  790  520  -522  -88  -452  -34  -272  796  -645  -612  580  -610  265  -549  937  625  -116  938  
-878  540  828  224  -598  -182  -758  -871  -395  725  -681  -901  -68  503  -222  -724  -834  363  -635  571  
-309  199  335  361  -240  -892  973  -169  -814  -497  -784  -143  -309  -57  67  674  -274  -131  -939  568  
499  856  -959  76  -461  304  161  -50  319  -208  -378  -470  757  -152  938  -845  -355  -212  -588  105  
-835  930  -263  992  -428  -233  -401  236  -155  976  5  -611  -208  -222  -742  624  800  618  -117  -302  
171  811  588  -415  707  467  -968  -74  -817  168  724  912  -372  674  -13  832  642  457  -220  -234  
-406  723  624  -334  128  957  -97  -523  758  -792  811  934  -405  853  377  -694  -71  -335  -351  344  
574  384  836  -210  -403  927  472  477  -355  88  348  435  -429  567  -1000  350  309  189  216  -244  
-477  77  -150  432  -1  -488  -355  -49  560  -844  189  -502  -550  852  -202  952  -818  -902  705  -335  
735  -767  -458  -330  2  944  106  -522  -80  670  -261  -868  6  -849  -793  845  182  -346  -307  820  
-326  250  498  -452  859  422  991  216  402  -695  963  -689  43  -542  -168  -256  -56  719  675  258  
-195  -28  -262  33  -369  262  441  -130  -796  -589  863  -615  -768  484  -248  -828  -163  152  890  -914  
219  511  644  -854  253  894  -201  -568  207  -181  -640  -534  225  862  -449  626  938  257  330  38  
472  635  676  871  -851  -405  -867  945  -974  515  -122  383  835  -943  258  528  -71  -83  631  -267  
-531  -411  -46  -888  -702  64  778  -634  766  -772  166  -601  -880  295  -488  -289  232  -494  -178  232  
-985  -726  497  -550  884  -68  -144  -479  -769  175  -208  391  357  165  -249  318  -991  -485  -662  449  
-102  65  267  948  -79  -188  -485  772  -679  408  366  466  -773  742  766  224  100  39  -160  81  
51  -840  -352  402  451  -440  105  391  -697  -842  710  818  -222  521  -553  73  352  834  154  588  
-225  -943  819  408  -300  95  -930  85  -637  -627  -504  808  -890  567  -390  638  -662  -937  -974  966  
763  206  -491  20  -860  -269  -339  105  44  -321  250  246  388  534  509  143  32  398  -10  -87  
-135  -831  -998  527  51  -890  306  -690  -119  68  -971  718  -629  -731  981  431  -916  -670  -682  457  
113  587  -319  33  -670  384  -833  -698  956  -784  -515  53  -741  354  771  344  461  -487  -658  -700  
958  -192  -598  586  775  -112  -817  91  -218  168  -129  -313  -204  -304  470  -292  70  -674  -193  889  
-852  -554  55  -526  -40  518  172  -785  -683  -141  170  -145  593  -424  -325  -382  -626  -979  -268  -459  
989  645  -596  256  359  -539  363  991  -562  -759  -892  -222  -853  878  800  564  -164  -140  -7  -219  
-187  -802  -365  798  -960  47  595  543  -890  -868  815  377  -24  -134  -963  250  434  -835  -462  840  
-345  -820  706  -884  -841  385  873  833  -43  -466  110  -725  346  447  882  -445  -284  172  -783  -909  
673  -628  -919  503  943  523  -991  136  26  959  -723  953  937  530  324  494  955  977  -825  679  
341  942  -512  -140  -341  -60  -241  -362  -740  -995  -463  -756  666  -495  384  115  -739  -999  27  91  
-50  974  -199  -839  283  997  -392  -363  -703  -209  -603  82  -759  769  595  637  885  698  53  540  
402  566  597  -195  -221  463  -251  -259  -679  -693  134  74  -966  761  -932  -621  -968  -833  463  -867  
-992  88  -635  -1000  -819  -550  539  198  429  -301  -148  -669  183  464  389  -267  478  493  -901  427  
-169  613  -343  163  605  818  404  659  -496  671  -684  38  665  -150  -677  -294  -332  412  -484  -24  
116  -714  -117  470  955  -578  -944  405  -134  -346  -46  898  -34  -127  -971  -235  770  780  -731  899  
-475  618  526  892  233  -462  -285  280  408  725  895  -346  -673  723  -296  666  -570  -664  852  -509  
-478  -822  953  -228  -229  -953  -222  701  -289  691  309  -405  -98  -419  923  867  140  -186  -155  934  
-145  664  -707  508  309  -207  -209  51  -727  136  474  -708  -520  506  833  -239  507  -38  -64  919  
706  -110  -328  887  -810  -72  -643  -872  -314  848  -811  -973  -701  -98  -748  -965  648  758  -437  36  
-723  382  62  263  -7  -953  -440  -385  -153  -742  -408  -994  -196  633  -207  -402  171  62  266  -868  
341  -104  -791  -561  866  503  -859  924  -717  -3  784  334  -585  -756  69  -875  247  86  -503  295  
-376  466  555  896  -956  -105  365  823  560  -642  -188  -770  398  -735  996  667  255  -181  -259  562  
-997  512  -170  -716  242  -494  805  437  -857  970  -40  -81  377  973  976  648  -503  -332  304  660  
-314  24  245  708  -900  45  138  356  -640  -703  259  -392  -463  -249  -300  -556  -957  -594  534  -279  
245  453  -418  -189  60  -730  955  109  317  50  623  784  -966  -555  -711  -261  -715  911  -394  373  
-427  253  -110  -454  -644  -18  881  -992  495  974  -383  412  -751  -23  146  -398  721  745  -142  610  
-36  -267  -12  893  556  385  881  429  -658  607  -94  328  997  -251  71  572  -186  948  647  731  
942  349  -151  -154  410  -688  971  -432  22  -776  -241  947  -831  29  -869  -798  -123  916  853  -422  
-884  921  -874  645  409  -191  869  -891  -988  -730  -113  -626  -434  -139  -160  456  -949  -69  -727  -465  
852  340  855  -997  908  597  -678  980  600  459  -444  -910  206  639  809  850  831  725  72  -650  
622  435  -501  -742  -961  -276  30  515  961  -107  339  682  -907  553  -710  262  715  933  100  -354  
-590  -857  716  62  -234  -31  406  -76  368  681  455  -380  537  -23  -747  -542  -806  939  578  -887  
-869  -465  741  689  267  -333  -949  505  -582  -887  -202  190  -554  600  -177  634  873  -19  -42  -601  
-721  328  -200  -93  -751  410  -803  136  -907  258  -545  -78  -127  108  -88  138  200  -675  841  -796  
-118  -327  896  -859  23  317  353  -776  -219  656  456  -574  -700  923  -433  377  -994  -394  352  -205  
-972  -56  770  -332  -668  -25  -884  -959  -776  -321  -286  -583  824  -463  -822  966  -907  -230  -565  196  
-641  -722  -63  -754  32  303  200  363  342  243  -560  -21  279  39  326  658  588  360  -312  -727  
328  815  187  -63  -663  -107  -344  -356  -431  935  -475  268  275  443  -337  -147  -309  -99  3  949  
291  -784  -559  226  756  430  -655  195  -532  30  198  326  -227  -279  258  537  -770  -42  439  196  
590  113  78  -265  -814  -161  210  708  662  637  424  342  -887  -113  814  297  599  483  -321  372  
-414  -710  232  334  944  635  612  -886  15  923  -590  457  692  367  -465  928  990  810  95  -941  
629  -828  535  76  -521  375  16  -146  -139  687  -311  -863  599  -166  165  308  -239  24  -17  -841  
264  -561  127  -731  413  -24  596  817  956  -709  -829  -478  411  -202  -864  -56  534  -854  188  -51  
-110  501  639  845  894  492  -21  -376  -796  854  764  -54  -493  829  14  -231  596  -717  -121  617  
-422  828  697  -312  -526  995  -777  1000  16  -615  843  -532  -760  193  -220  -974  -988  644  524  244  
-613  900  -984  -745  985  -95  -482  -111  689  -816  12  797  -901  90  -59  434  411  -969  -560  -588  
-8  -269  -64  -843  -175  708  245  -633  -44  -847  879  -924  571  -967  212  -799  -820  -829  971  428  
-419  588  -828  884  -796  -668  -586  597  -964  -339  959  -172  972  -384  7  -532  -557  -702  263  -886  
625  324  728  -110  -520  114  684  -271  -300  852  428  808  2  -185  -551  -261  -922  437  473  723  
971  -213  573  236  945  -279  -295  -123  569  704  773  869  272  -552  -322  924  594  151  -991  -718  
-537  -7  -900  128  400  -53  -917  440  826  558  704  -996  -402  605  2  313  -772  525  -572  -867  
67  -874  977  858  -13  -816  614  -505  -644  497  -854  -994  706  8  688  -167  52  534  816  304  
621  -781  -119  658  368  736  115  -61  187  -757  643  -196  -67  843  579  -267  541  137  952  -641  
630  -46  572  17  267  -640  -314  560  388  -53  614  -335  -228  -838  -283  530  727  91  -462  -452  
-941  -281  316  265  -810  -769  -296  815  545  615  329  -19  -12  -211  -147  -368  -99  924  994  525  
-450  -181  -384  28  -492  -639  122  784  669  -394  697  -481  797  -125  999  -263  -847  -19  -340  -598  
528  -666  -501  75  245  -643  -883  793  -208  38  -453  -857  588  -391  -644  -449  -5  -180  -295  310  
-560  -62  879  -147  -685  -829  510  -243  -656  303  203  -71  95  -667  749  478  -965  -14  962  378  
-384  809  927  420  -646  875  483  -42  425  998  -106  5  941  -110  -917  652  -540  471  134  -695  
-985  432  560  -917  526  -512  -370  -712  131  -373  -656  963  -753  -334  -531  -300  857  603  534  -126  
343  -121  -391  -803  952  -105  268  733  270  -893  -686  178  92  -200  696  31  167  275  -533  671  
547  -399  377  249  251  962  408  229  -627  721  -319  -381  -610  572  178  -344  468  140  -248  657  
278  -575  -470  -85  -930  694  144  571  662  545  71  -513  110  281  334  666  996  166  568  -508  
328  -399  327  -980  30  -493  194  509  192  -575  -461  67  -674  16  202  -874  938  490  441  180  
-511  918  330  942  794  798  93  962  611  192  -921  -423  -813  220  595  -957  524  -288  324  694  
888  483  -801  -100  -410  322  -461  610  944  -975  -373  262  -434  375  999  -609  605  -921  -165  88  
-320  431  242  663  -191  55  593  -739  -334  588  592  -58  -238  -85  -173  -165  -209  290  881  401  
260  157  820  577  237  904  186  972  758  -623  716  -813  618  49  -906  -86  543  -291  944  -293  
-916  558  -823  413  847  -516  443  -953  137  266  554  78  44  -5  808  -293  445  -658  210  662  
-64  -778  835  -842  -841  928  881  375  329  746  357  706  -647  -92  526  707  643  229  -204  964  
-599  -910  419  -533  -261  -810  885  496  500  -925  681  416  128  588  -70  192  19  766  654  -358  
193  795  63  818  293  -826  -926  -146  -93  -165  -846  -930  32  -287  -601  -217  -251  -265  -33  -814  
41  -982  -351  -417  285  295  95  -263  372  -250  -983  247  639  863  642  521  -387  498  421  -761  
637  552  872  -540  -709  610  377  652  126  -849  798  324  702  -78  672  -19  -959  963  920  -781  
-660  -252  982  520  91  657  -665  -39  -884  40  584  -484  -197  207  -825  -571  -99  307  -418  -483  
465  49  -743  584  -5  159  -262  -49  20  982  -238  -870  293  551  280  91  574  -770  -737  -227  
741  374  461  -621  -482  -922  -939  -63  168  -272  177  601  -855  -683  122  -343  21  332  -293  -709  
226  -920  6  411  -996  -735  -7  30  -348  105  -272  -424  -866  10  -666  -54  66  512  632  512  
-246  225  -286  -987  855  424  -330  -238  498  32  536  -254  -533  -352  -711  -924  807  416  715  629  
163  779  -793  215  -654  -866  5  246  -653  889  -925  38  556  -572  -878  -636  -743  -833  -200  -193  
-549  209  910  -532  76  803  107  -12  -741  876  947  -197  -182  645  601  -530  -31  -277  564  -685  
863  216  -844  532  76  -738  -379  -593  -352  810  665  363  397  963  -876  407  71  101  -259  346  
534  -652  -524  -405  505  -236  -427  717  394  -545  58  -924  -705  1  -726  51  74  -57  -388  -950  
937  -494  -982  -666  -903  -580  -456  -31  -120  -986  -374  921  164  161  364  96  347  789  849  -810  
-791  874  -923  -663  -335  -313  -350  144  248  190  418  -25  875  126  -238  -42  742  582  426  -241  
607  -659  -613  55  881  -35  -506  -319  563  -79  -185  -814  465  -851  -29  -223  957  -962  887  -196  
-213  -638  508  -608  356  769  -697  -337  -566  140  -133  665  -609  770  463  -314  903  -279  -211  575  
366  747  -749  732  -363  703  -129  908  -645  -4  169  -764  226  140  555  -217  904  410  -449  -987  
834  -181  -339  930  -396  779  404  -223  -470  -674  660  895  -908  425  768  -363  -632  822  -589  -305  
963  -257  147  790  604  -646  -504  -380  415  -230  427  -437  -577  747  500  717  888  888  -101  647  
256  310  992  180  -898  -1  174  106  -957  -924  -158  -938  -564  304  -96  639  925  822  64  -165  
614  -535  898  66  742  -646  753  -850  -511  -501  -619  -276  224  150  929  73  -453  926  -475  -458  
968  -147  124  -749  -1000  -192  474  -677  -626  963  19  23  -531  732  -668  -299  800  -747  -735  204  
-841  48  -80  71  -430  -780  402  123  -675  330  -744  -272  918  580  -399  -973  791  -351  17  -338  
-448  -551  -195  -544  -251  -217  572  993  220  -182  238  -465  -235  -76  955  618  387  -373  365  393  
831  -344  -890  -199  131  781  -692  573  342  854  -517  -975  -402  -733  398  344  704  -862  -833  -30  
490  758  465  -630  148  231  -841  229  995  601  250  -406  304  -349  -75  -25  917  55  842  -980  
80  927  873  -785  -833  -311  207  -10  -883  491  455  -202  970  -51  540  -442  168  -72  609  -457  
-658  -906  -54  -445  -30  351  952  -296  -728  413  977  303  20  606  -451  866  651  902  -313  647  
-343  -115  197  334  -102  68  165  -527  -204  -556  861  465  -552  -690  979  502  -973  -659  -651  -921  
513  756  460  -938  -927  78  -899  362  541  -692  -134  624  -547  -317  326  99  545  -539  893  -699  
627  -931  389  -995  625  140  803  405  90  -914  653  65  -50  -917  463  -655  399  277  891  421  
644  -620  909  -139  -170  387  -159  -4  178  -811  334  -420  908  -599  604  68  238  -921  -376  584  
121  942  389  329  59  142  -378  20  567  213  981  -467  31  248  -407  760  -257  -666  -217  92  
500  -606  23  -24  513  -15  -757  927  847  -136  867  -513  -158  823  -280  -497  179  -876  128  248  
-380  976  567  259  -618  -295  -752  202  -620  290  -299  59  973  -717  -198  673  463  497  16  -240  
-638  -336  -530  105  755  -932  -132  609  22  232  408  -171  -167  -286  -73  -264  42  -608  833  -895  
-942  -837  524  188  33  -726  -300  193  532  342  -828  728  814  187  233  -175  -521  442  -479  449  
401  512  -934  439  673  435  -44  220  370  491  -660  471  772  883  -91  -181  446  -148  762  56  
-704  532  409  -347  773  -548  342  771  -722  -253  -920  52  624  -536  846  998  -87  960  619  -72  
283  637  -100  -855  -663  403  323  693  -874  -568  -499  345  -958  -490  827  950  -159  956  138  -481  
143  -248  -577  -454  -720  -251  457  583  -754  -363  550  776  1  -276  786  672  -295  -795  -640  -222  
-270  -878  881  -467  -222  -346  -737  -479  -728  -789  488  -55  38  -448  458  -941  -707  11  -587  -45  
-761  373  984  182  -82  165  -702  -336  854  220  -881  -758  -681  656  585  426  -177  498  -319  345  
816  964  955  875  904  32  508  643  284  446  375  -402  -153  -301  140  -213  607  207  556  663  
160  -158  -287  367  -946  745  766  901  -108  327  812  -685  -116  -983  -777  -69  973  64  612  207  
982  -939  329  447  204  233  702  -499  898  -21  89  -978  -388  -461  662  -308  -879  -647  169  -892  
-650  -385  224  -743  884  -916  -278  -472  120  -891  291  -4  -479  -731  -427  -669  -859  403  -720  -469  
-508  413  -621  258  -535  161  -343  518  -477  -856  916  -787  801  -905  -982  -126  475  -850  737  517  
222  -619  -114  744  711  663  -788  -141  -554  -605  333  672  -733  -541  809  -101  338  812  549  -449  
141  -793  840  319  -326  687  254  1000  629  -168  -575  536  -646  -864  113  41  -983  663  599  652  
194  -722  437  894  511  -961  247  355  969  936  808  277  873  -302  205  -422  37  596  66  87  
-72  576  733  564  562  -986  211  -997  -248  936  738  -871  797  -920  802  587  -872  302  -641  915  
528  -247  905  -328  945  673  -135  780  217  -345  518  260  906  982  -731  433  -408  -263  324  590  
468  -860  -18  53  573  -820  562  846  -493  249  40  605  -467  -468  -45  702  603  261  -273  747  
398  819  905  -304  -644  -833  -426  -480  196  -346  -732  304  -521  -509  407  844  -404  -36  -629  781  
867  -973  413  18  368  -39  -864  397  151  848  531  -837  575  871  956  520  -889  763  239  140  
49  862  134  -550  -386  -518  -460  -57  408  465  94  -531  -845  580  -466  -985  -539  940  -320  141  
-883  379  -255  325  155  -420  118  -773  -523  -349  -229  615  -67  825  -107  977  739  646  -206  546  
-152  -179  36  812  -835  -277  953  27  911  -687  997  299  458  -722  829  -698  -742  -767  381  -204  
499  -538  140  208  443  126  -291  381  827  499  -597  -113  673  113  259  731  -699  86  569  273  
591  -69  -341  54  -232  -657  -980  387  38  -794  568  788  289  -767  73  718  -268  -233  -420  257  
854  499  -340  -826  122  534  972  -516  -388  193  637  506  -679  -445  -213  435  -864  573  847  -757  
201  -513  725  -916  892  -174  -580  -463  458  -390  48  -632  354  706  68  -796  -203  -165  -999  111  
595  -460  637  -762  307  -5  676  568  -12  226  -994  -833  -856  286  -865  876  -204  418  743  -685  
580  227  360  -555  753  523  273  -262  -895  874  -795  115  754  -857  987  -47  707  -513  -362  -57  
794  419  -589  76  348  571  -963  -752  244  718  -963  39  780  61  -844  -883  46  287  -38  285  
81  -487  13  945  190  253  -200  -523  -216  40  -792  856  -637  980  937  -668  -567  -783  -963  -594  
-85  -702  405  576  -535  -117  249  -935  605  397  -25  -113  77  -576  649  -312  17  172  -306  159  
-262  993  386  768  934  -868  -80  -375  930  669  -449  -452  30  -755  -589  -213  60  -298  521  -914  
964  232  194  762  -62  884  -611  -360  860  -196  -670  727  -770  312  30  -885  -593  693  3  878  
-286  -926  98  -225  -285  117  108  -918  -314  36  307  598  550  387  569  -952  121  -624  -68  -189  
-751  -143  931  -993  443  854  -226  -83  539  -634  941  23  540  -463  -16  509  663  -403  -503  -749  
319  -538  829  917  -446  697  -725  903  -879  108  199  349  141  -528  -678  -570  -350  -347  727  22  
851  57  508  916  794  223  -413  368  3  122  -81  -726  241  -806  -119  -160  558  -525  -961  -917  
106  287  -19  -603  -60  982  960  -683  883  -513  340  960  -32  -26  437  -935  763  -861  -682  -453  
-25  -218  -128  -936  -581  869  534  918  -448  -982  -849  -74  -511  752  -811  171  113  31  -386  183  
-208  334  -797  97  543  -623  -813  801  165  -195  202  167  -681  -730  719  -948  186  406  -220  -346  
961  570  -528  877  -910  -110  -179  366  110  548  873  56  -140  -37  -712  -855  694  -621  -343  -447  
370  -408  -463  242  -48  423  456  -67  52  658  -789  -156  466  -290  304  -382  576  -384  -260  976  
-344  -512  277  -721  -25  681  -889  204  188  585  -131  619  -616  61  -359  396  -440  471  72  -549  
689  989  132  -999  372  -158  146  68  -797  664  -957  -317  -480  593  -512  545  -184  35  -638  -449  
-358  -347  -211  -579  911  -789  582  622  901  -460  575  -282  -715  -6  157  19  651  -164  925  413  
-191  662  -716  -679  -495  785  -933  -278  433  -173  726  -290  616  174  444  -691  974  -554  241  -723  
78  -177  -202  -847  -215  -227  5  906  728  886  880  383  -883  720  -920  -207  881  -898  -225  -629  
960  887  184  912  -13  99  -327  590  -841  -873  -319  -676  691  -679  682  786  802  -799  -707  -760  
833  334  -588  92  -327  -850  -393  29  730  -88  -970  -100  408  731  644  422  -670  -301  875  -799  
-956  796  -133  311  642  -545  -33  -356  -353  -545  203  -753  -618  809  273  -966  359  -234  806  -790  
-390  -614  304  83  106  235  -890  685  -905  -250  -781  720  -335  357  431  -903  299  400  -953  -778  
472  -945  466  937  -29  89  100  853  661  806  560  -220  61  119  143  173  -996  875  -77  -821  
949  777  566  567  732  -536  -819  -384  -631  196  503  371  -385  -144  913  -377  -156  161  -309  -973  
427  451  -323  -480  754  588  -547  -101  670  906  191  850  668  -660  -201  789  -82  172  956  153  
115  224  -628  93  739  -476  160  -72  -160  631  -839  450  925  477  419  208  -763  -555  719  -535  
-303  729  -653  -391  719  986  350  -41  -64  -438  -719  -788  -823  712  586  565  446  -678  270  -811  
54  -717  -572  -309  141  -275  -938  -904  -58  -118  -61  260  -747  968  754  -24  -49  -998  481  77  
-447  -512  -477  459  355  -571  479  175  152  -696  780  811  853  -944  652  775  960  -314  -91  -305  
266  229  -811  -978  926  -710  -559  -911  982  612  652  -619  769  267  953  60  -941  277  578  -779  
534  -694  -153  -767  119  375  -516  287  740  -226  -627  243  728  -164  141  642  -807  -972  152  602  
-932  311  519  -856  927  454  719  -67  158  526  -833  -116  347  231  -995  637  267  -358  -603  669  
-303  -232  787  579  684  188  375  862  -132  248  864  127  -381  -933  -382  -943  560  858  -161  518  
201  39  -941  60  -945  691  -661  3  -481  740  301  -517  -490  806  -912  -27  -395  -128  -501  446  
860  294  774  660  -656  -423  232  -892  -611  739  -583  -174  412  -53  944  -789  228  -35  -874  -504  
-725  -620  -722  -474  -413  -360  -53  -811  -310  536  773  -397  -836  980  -404  688  289  -608  -545  521  
-678  -477  -262  229  -665  -524  510  259  279  161  557  555  -937  -400  392  -470  503  -743  455  -134  
-4  474  -814  744  815  -677  804  -294  -367  -713  -508  -208  285  76  -696  -496  225  -69  -661  717  
-277  411  -158  -429  -46  655  822  -460  140  -895  194  191  993  -665  411  -461  -207  -927  -198  875  
283  -385  -560  -103  -609  -436  881  269  -25  577  492  -739  -505  467  -296  662  -161  -581  831  -944  
-226  -710  -817  -38  25  0  708  834  -573  390  555  113  631  95  155  -425  713  298  803  -371  
-461  -734  852  -309  -955  -741  379  -715  -306  337  422  -523  -296  177  731  -646  118  -949  896  498  
-465  150  402  -200  161  535  -154  -525  906  339  -448  -723  655  606  -500  -396  -924  424  -301  830  
-341  -75  -424  794  -317  334  996  -707  307  688  100  890  82  571  -171  -832  941  379  366  777  
735  -90  323  311  -597  -203  98  -836  418  224  771  244  751  500  -494  993  721  -703  -732  294  
-215  0  -741  798  433  99  -983  326  -854  695  -637  576  -606  -188  578  -845  -309  990  -760  -776  
541  718  672  78  -822  -812  -3  -554  381  -837  -545  -549  864  611  578  614  -162  -26  812  -58  
584  872  210  255  373  646  394  441  -429  -447  -720  22  -59  -209  412  -860  -858  -860  -10  -822  
-617  -892  -5  -324  179  -222  -615  183  66  -287  518  -697  11  503  -514  -843  -940  -441  425  326  
-442  -516  -231  631  -376  83  121  -112  595  -421  -152  499  980  -814  777  856  664  -907  994  131  
-221  327  -703  -589  -475  160  773  -557  -675  764  -134  -498  346  -352  325  406  174  809  -887  235  
414  -95  548  -383  -286  -514  758  -251  -256  -319  212  -425  -974  656  265  -843  748  -132  -268  -154  
718  872  738  -884  -96  684  598  -437  -429  -373  784  888  -150  -860  452  -368  116  808  -690  -18  
-648  -373  273  -854  203  119  -634  625  993  -625  255  329  250  411  875  308  315  -139  126  -610  
776  -4  -320  -980  -781  504  414  -592  450  479  -853  715  -770  -328  -27  -900  -304  516  -219  -111  
336  -60  -739  677  -410  -751  -390  811  -222  -37  384  915  557  540  988  -518  634  318  203  37  
924  253  237  863  163  -22  -956  116  803  202  -710  451  -928  -221  770  957  31  -140  -655  132  
-245  870  -748  -247  -421  -352  -383  -813  -788  258  -156  -184  -510  -268  -560  -122  691  -557  -873  -588  
-960  708  -200  -186  -332  -989  877  -754  173  -989  811  -234  324  -410  875  -926  -805  423  -975  -888  
134  -561  363  -373  -679  -499  879  889  -919  -555  -948  -86  -416  229  646  -421  -658  842  -389  180  
-243  -575  -743  480  -874  -647  186  -715  566  -964  20  678  -567  -684  856  -277  -953  -656  -514  -326  
396  -406  -781  -810  -844  927  428  -895  170  -436  -93  296  877  -292  -669  -899  -400  -240  310  869  
161  480  38  -466  -258  -540  589  192  374  -89  271  84  209  120  999  -460  -690  -91  -378  -996  
270  -383  -400  -788  740  -69  39  -762  449  -32  701  406  184  -345  -689  363  305  437  -788  556  
538  -824  445  -352  -382  -947  74  -429  834  -317  -390  -441  906  738  61  -577  695  -836  745  826  
646  38  245  505  323  -108  -83  -4  665  -942  -747  730  986  -988  -925  114  -148  819  911  -976  
438  -43  406  452  -520  8  458  693  202  -437  806  126  -302  539  307  -819  -958  176  321  304  
98  -220  617  -491  -12  -695  285  539  717  587  -625  989  305  549  838  -969  175  -762  -969  908  
-115  486  635  281  -205  653  -385  318  772  502  91  129  548  -176  474  62  706  -340  819  -485  
-189  180  -919  -328  -597  -985  -140  337  -48  -146  -70  971  -454  -763  -469  -904  94  -721  -2  -725  
-232  237  802  -158  -330  615  -482  -580  -621  -315  -613  -393  -364  888  -987  -841  777  544  453  43  
-101  -938  -446  771  -280  10  480  195  148  960  -428  -540  531  722  407  -527  112  968  572  403  
641  -187  -308  -288  -733  -941  -609  -920  70  -374  -36  733  -729  389  -39  332  -797  800  372  -389  
188  -374  590  -510  -192  134  -84  -515  51  931  -434  911  -441  -427  -209  736  -631  -111  509  346  
-813  -379  363  104  260  198  268  -118  604  442  919  633  127  -475  -681  -153  -928  -494  830  -469  
176  -99  -464  -576  -442  -391  763  -268  120  -126  -66  905  166  -444  59  112  -564  -212  -557  -618  
680  -804  -467  167  -548  25  477  -165  353  -466  197  448  -165  629  -435  424  -647  305  958  -599  
239  296  -324  933  580  -583  -696  688  929  96  -634  685  -784  -43  -567  -461  72  255  215  715  
375  616  662  -240  587  -508  338  -760  904  -265  443  -165  -76  -595  -779  236  -813  -815  -705  -576  
926  455  194  113  620  708  467  977  -273  745  979  32  170  -82  956  -584  -648  128  -237  76  
588  146  -375  -740  -695  482  156  -742  -86  -333  -225  31  -648  -935  916  -990  -804  -92  946  -964  
-514  -59  -947  -170  593  68  720  -941  -951  -518  -976  -555  -637  638  633  -777  184  162  416  864  
-217  229  -20  261  594  -209  89  -222  -532  -87  -723  630  -554  -649  516  -907  -84  -729  47  700  
906  762  -733  -977  535  677  730  -554  269  780  -592  950  783  -802  509  891  -13  284  888  591  
-828  -548  153  97  217  -133  672  70  691  242  -953  -581  -15  -729  -926  765  993  -213  154  -639  
-911  487  141  898  587  -981  -362  -989  -466  -434  79  434  570  -694  -576  839  -139  165  -542  -177  
784  913  101  102  683  205  -140  -505  -905  -602  -285  -655  -895  -958  631  -970  407  -236  942  -495  
929  105  -705  -321  -997  846  -846  163  -788  -904  546  30  -135  426  860  185  -420  -315  810  -32  
401  -266  822  112  -435  622  289  392  656  577  915  333  -854  600  592  -500  728  669  474  304  
907  94  -136  648  -560  98  572  -77  -614  -67  -123  334  -462  -465  -636  -729  110  682  588  443  
-367  348  871  756  615  -123  -812  935  329  -676  983  -765  -440  -866  -326  -768  145  621  -779  869  
604  -735  -525  750  732  43  -599  117  538  -699  -77  -457  612  305  993  -133  -329  41  874  -509  
-467  -527  524  -178  -526  -525  995  -178  -951  -684  784  569  269  207  143  714  233  367  -478  868  
-715  272  -82  653  -326  -616  665  -367  -544  -488  -907  654  -140  -657  -464  -893  343  -189  770  751  
656  -512  -103  95  -241  174  -958  -227  611  -487  -855  607  215  -733  308  -35  705  316  488  895  
571  -458  501  -243  748  -253  -768  -3  -775  -309  843  381  238  -146  262  562  287  -949  355  -200  
445  -79  159  -489  539  728  810  -249  -331  -557  -467  -665  -434  362  -649  -135  -434  450  604  -45  
-957  -848  -547  -256  -806  -121  -864  -139  833  372  -229  533  -827  716  -713  -928  683  -495  -820  -852  
580  810  -639  776  -376  -478  -464  -682  374  -382  984  -521  -971  468  -58  -6  -348  852  -451  528  
-328  -453  869  372  477  824  -621  648  -490  -601  649  -896  356  -261  -465  -923  694  -233  654  -617  
-941  -476  51  -18  -735  480  -774  144  -117  -542  19  129  309  -559  -33  -661  -231  -995  -261  -365  
825  417  -119  -361  303  -489  597  543  475  -927  703  -453  -408  327  -408  874  -152  -238  -808  212  
477  863  -466  637  715  -391  951  -726  324  -445  -643  -469  627  274  233  114  796  -338  922  -593  
-247  -779  696  289  -987  82  271  466  -730  -653  351  -736  -2  -465  -63  -843  630  -242  981  344  
84  -623  844  -887  -872  -249  -837  -372  -81  306  -349  -770  7  648  -4  -306  -101  907  -713  -927  
447  -657  368  941  875  132  844  112  903  -650  564  -546  379  -951  170  164  -633  506  869  374  
516  352  -193  -198  332  -170  -929  -396  -54  -96  574  -127  45  706  -366  554  625  -314  -778  -381  
220  -919  -401  -931  116  -743  802  -446  362  468  386  417  -641  -165  388  750  951  -484  431  615  
190  883  657  -314  203  -268  307  -902  -631  -830  157  754  591  -760  -922  -479  514  -265  335  -157  
-717  -124  432  -569  797  -576  922  582  -149  807  133  -110  997  103  177  -648  628  817  -982  559  
847  -424  -937  468  240  759  404  -898  -457  401  815  -874  -939  677  -100  555  872  -388  285  -962  
108  539  -748  14  -746  967  445  -638  -78  -635  635  743  706  -433  789  -886  -186  823  285  -442  
871  134  -990  -646  -223  -322  584  -831  -218  326  -353  338  220  983  577  975  -398  -554  -646  287  
-767  -720  744  886  935  -983  104  227  -682  568  526  -958  -458  773  512  202  595  -756  439  104  
-415  -798  -600  -528  589  -267  692  -99  -724  -462  149  141  716  287  -358  925  -392  -126  945  758  
66  850  376  -528  513  848  -406  917  951  438  -729  -326  -789  50  877  557  -235  867  308  -337  
187  235  -820  901  213  -167  -558  830  -691  -761  764  -583  257  -484  -419  -273  -429  -922  196  546  
115  831  -623  -82  429  -763  83  891  -232  -947  132  -501  76  751  876  424  792  -171  -29  -896  
-726  -638  -7  -965  -890  -150  -500  -319  -184  952  417  680  492  650  -74  -44  873  -898  -61  -754  
544  -298  -273  -936  -331  -447  -20  -398  919  914  -158  -986  -571  656  777  228  -393  -945  820  -446  
-804  -788  -634  61  -61  -89  439  678  736  818  -310  500  546  281  897  -420  116  339  385  -948  
-573  -860  12  -622  9  -119  342  -560  -679  855  518  -386  441  788  -840  -551  -725  253  -175  -349  
805  507  -23  -906  666  192  597  -158  -267  639  290  317  -556  169  850  116  971  268  -478  546  
-74  464  314  -965  -177  -539  484  -400  -947  -20  627  893  -829  982  -626  -103  472  -613  -164  997  
-482  293  -99  448  835  -519  -938  736  900  899  566  -895  -126  -81  -677  173  -640  735  37  -298  
430  -686  980  97  185  -900  603  -127  816  -967  630  -726  -741  370  365  -622  469  29  68  313  
-763  -9  -155  -388  376  983  -111  179  549  -968  -606  727  181  -97  -252  -639  -756  -886  -611  142  
-213  -133  331  -58  544  -807  805  430  272  -617  990  239  805  -538  468  805  433  506  998  303  
258  758  636  -560  330  -113  61  251  -122  -411  502  923  -684  181  126  -218  -608  -776  -683  -461  
-37  -900  166  5  751  284  313  -939  456  285  -943  708  135  614  196  -172  404  807  -431  -770  
553  684  -248  -418  172  506  965  738  840  -638  59  -14  495  -415  -173  -869  615  -362  -63  -257  
437  -931  -360  578  305  14  -404  291  651  -447  -661  496  70  -378  718  -887  891  766  56  17  
466  910  -509  705  -497  -489  148  -462  -276  -98  615  -141  872  -500  603  -619  -962  171  -929  825  
-558  -736  -265  367  -14  -315  874  -577  700  79  -296  -782  -674  302  84  68  106  5  -554  -614  
-164  -275  920  829  -566  183  516  155  -91  87  634  4  72  353  -560  216  -980  -972  -787  829  
-887  -739  667  -846  404  814  -867  -523  -656  -894  307  926  615  523  552  86  133  712  -67  -336  
-855  -619  69  -147  617  515  -400  983  -951  -777  578  -56  469  -178  -740  -415  309  -360  3  -389  
-243  -662  692  713  -643  -141  511  -336  -983  107  -218  607  -219  106  879  809  873  733  933  896  
-117  -899  96  -155  0  -664  237  -74  636  616  -113  -380  -130  710  403  -100  -189  -562  -194  428  
-660  -282  16  -799  119  -28  -537  409  -868  -209  -302  -989  -117  448  -356  334  379  -918  718  740  
302  -232  -667  -646  -987  -243  -230  -853  13  -28  191  -560  -386  -87  -868  671  -157  758  -444  -135  
-476  285  325  -745  892  -201  -436  -970  -81  -639  -284  755  54  793  -489  574  724  -251  541  685  
319  555  -937  97  363  -268  229  -683  -588  -926  95  613  -320  286  -514  999  -504  -786  383  -838  
-29  665  436  321  330  -172  -408  -913  848  517  204  -414  975  -781  -669  33  -487  -512  84  -76  
-783  -309  -156  -274  -68  929  57  -246  -750  -605  -767  -583  70  -45  -818  -79  545  14  -233  -444  
7  120  539  -31  833  -565  927  -526  61  -562  -360  895  650  -903  -117  650  981  -912  -218  679  
-244  306  -642  955  -778  -535  -709  -64  -276  -27  -99  -706  607  -745  -65  858  855  741  635  -491  
-122  557  819  735  -779  311  764  -84  971  -215  636  323  -118  -376  -870  -123  642  912  804  239  
688  -333  22  915  -128  -867  -401  667  252  -932  852  226  375  564  -483  -44  -359  -289  -31  301  
950  105  -811  -594  136  403  -167  693  893  624  -100  -578  -679  53  -922  641  -793  938  897  -265  
524  125  -792  -599  -236  472  -789  -787  712  745  550  -278  949  -259  566  -953  926  205  488  -455  
-889  486  606  -532  -686  200  -855  -534  -580  -852  -796  -493  -28  -667  -655  -704  658  465  110  126  
466  710  -148  -176  445  794  -880  727  -221  86  30  512  635  -167  -765  377  -472  169  318  -966  
-561  -463  249  221  -591  -557  -63  -507  526  -828  255  -998  785  -541  -55  -770  834  -790  806  984  
887  -792  515  -618  18  837  -167  344  665  703  33  706  -647  -871  198  -579  770  348  -375  -415  
-492  933  404  508  -473  -537  385  824  394  861  893  -311  65  78  -390  -344  642  -204  727  551  
671  776  -179  -327  503  -108  793  -75  -569  161  -499  189  -414  370  -681  120  192  346  -352  -51  
513  -923  482  520  -428  309  786  378  -537  -38  414  93  -288  -588  92  -499  -222  758  -749  260  
413  -434  876  -194  -849  -763  -129  623  -494  53  -821  -270  207  -222  720  -362  -754  24  -744  161  
82  -946  -361  467  -518  920  -656  -769  -595  -355  384  678  290  678  -864  -690  -337  236  -850  -280  
313  -714  475  886  -893  38  -461  -400  -229  53  188  821  32  -952  -476  356  694  352  -819  713  
62  -729  342  -515  370  984  -739  -842  880  874  369  -758  780  -57  597  -882  -134  -137  -552  885  
503  666  38  677  383  -262  411  787  133  159  258  -3  -228  271  691  303  655  -952  -871  -950  
877  6  137  399  973  95  -604  997  190  -189  -411  -984  -813  -88  -875  -184  -352  -977  -356  -66  
-117  304  -666  430  -500  287  105  101  164  -260  643  627  594  -543  -573  33  28  76  -498  212  
371  -200  643  -269  -616  660  873  969  592  -618  747  -40  203  725  -697  -129  -178  642  -888  -634  
-588  433  461  -724  318  27  -554  884  -413  262  53  474  -327  -24  -365  -775  -897  -294  86  -159  
-46  -529  614  199  70  272  207  -552  979  823  -401  704  -206  255  -911  -755  -973  821  -492  -484  
-337  152  414  82  -489  743  -993  -619  172  -663  860  19  735  908  -732  -951  -824  349  136  -841  
173  991  -438  -585  716  526  -213  -734  -280  67  8  -520  225  -376  -821  -171  -776  -233  -161  338  
-267  119  710  -765  17  -421  -430  -181  571  -840  -548  -92  -731  -743  -326  -203  -884  -309  300  -338  
-563  172  -81  -849  388  581  -297  690  825  -391  -554  361  -815  838  -293  -647  231  330  84  -110  
-357  761  760  -450  -850  -484  586  6  70  665  -671  -214  481  -70  -61  494  541  569  900  -67  
613  -219  85  624  -329  -224  396  71  760  -919  -585  135  -860  -197  -224  891  -512  235  -369  182  
892  -596  645  -399  -683  -987  603  624  172  389  -1000  610  956  -43  322  171  529  470  352  824  
511  583  -337  327  -311  441  -554  -93  -895  890  -740  -760  126  642  -580  -795  340  -801  -313  -939  
-917  245  -342  472  621  193  -862  -228  -567  474  353  102  799  883  -729  583  -742  -267  -271  457  
632  -859  600  -800  886  -994  -669  403  -500  -239  -108  -515  -263  28  288  305  -496  485  -184  -51  
526  945  -46  -865  748  -53  -311  82  915  516  610  -319  393  723  509  -168  842  -841  -554  735  
618  -179  11  -763  28  -251  917  855  -951  270  780  121  64  -678  946  8  453  404  777  28  
948  -121  632  894  -389  -321  845  -571  762  580  -544  -86  470  -490  855  -773  483  981  432  47  
-16  75  -931  965  -100  -759  170  257  -255  224  -4  -710  609  83  439  -676  698  -654  -683  867  
-720  994  -425  588  -288  -59  950  169  -653  -551  -100  612  -988  436  -252  -418  907  -204  -128  -577  
-506  -620  22  -662  159  -533  -51  277  -208  -152  -719  -421  -549  99  988  629  -979  -32  -436  661  
-660  -789  -916  758  -288  -604  665  -831  969  414  881  -445  471  799  86  511  -637  55  139  -163  
330  542  -406  -306  106  593  -160  745  365  -144  -947  -270  -686  -99  138  -432  448  149  235  375  
147  -499  -625  -402  -543  -314  658  -597  -968  -544  684  -588  278  408  230  1  -975  929  -512  -694  
-836  -508  -974  552  -900  -27  -968  452  -643  266  934  385  775  96  -259  523  -462  -658  -813  -3  